12345673131323 11 13556725
12345672121232 11 13947891
12345672321212 11 14037939
12345673231313 11 15590598
12347651122112 11 9116499
12345673132313 11 16042975
12345761111111 11 9427853
12347652111221 11 7487007
12347651133311 11 8312804
12347652123233 11 8863247
12346571111231 11 6963301
12347652123332 11 10922449
12347651111111 11 14762482
12347653132223 11 7545024
12347653132322 11 7372797
12347653332323 11 8308419
12347653111133 11 8830876
12347652223232 11 8265603
12354671111111 11 10406406
12354763131131 11 8906747
12354762121112 11 9794574
12354763133111 11 8094344
12354762121211 11 10643869
12354763211123 11 9483398
12356471113133 11 8561583
12356741313131 11 12067273
12357461111222 11 9388721
12356743113131 11 12132420
12357461113331 11 9034752
12357641113331 11 8768223
12357462211112 11 9307779
12356741133131 11 11584716
12364751112212 11 8376391
12364571112212 11 9775599
12364751113133 11 8808576
12365471111111 11 10403281
12364753311131 11 8457232
12365471211122 11 8799915
12365472223232 11 8153129
12365472321233 11 9415581
12365471313113 11 7282977
12365473232312 11 7405709
12365473332323 11 7435112
12365741113331 11 8855608
12354762311123 11 7994957
12367451123333 11 13033478
12367451213333 11 12632072
12367451312222 11 15459326
12367451132222 11 11868326
12367452113333 11 13977528
12367453112222 11 12590961
12367541112212 11 10953573
12345672123212 11 13370320
12367541331131 11 8037005
12367541113331 11 12554290
12374561121212 11 12095439
12374562111212 11 14139507
12375461111222 11 9487851
12374651111222 11 9810253
12374561211212 11 11902148
12376451111222 11 9989448
12376451113133 11 9539931
12375641113112 11 8958298
12376451221211 11 8222811
12376541112323 11 9951353
12376541232233 11 11769226
12376541322233 11 8155750
12376542123212 11 8375299
12376543133132 11 7309387
12376542121232 11 9081271
12376543133231 11 7267870
12456731233223 11 7874529
12463751231231 11 8358856
12467351131121 11 8383527
12467351231321 11 7261403
12354761112323 11 13760943
12473561132123 11 7980372
12456733223321 11 7927420
12456731132321 11 13266269
12537461332112 11 7992313
12536741112323 11 8609772
12543671111111 11 10699078
12543672121121 11 7793641
12543671331113 11 7632829
12543671211212 11 8319431
12543673111331 11 7605217
12543673231223 11 7629681
12543672331232 11 7399845
12543672322232 11 7807723
12546371221331 11 7935715
12563472131213 11 9881255
12543672321332 11 8053162
12564733323122 11 7594317
12543673221323 11 7970107
12563473131212 11 9260360
12543673233323 11 9691447
12576343212221 11 9729390
12637451332112 11 7014128
12637451132111 11 9349539
12645371131121 11 8660234
12673542331133 11 10681946
12734561112323 11 8562093
12734561322233 11 7538415
12643571321321 11 7706248
12745632111122 11 8319328
12745632212213 11 9811200
12745632222221 11 7971232
12745632232211 11 9481767
12734562313223 11 7226229
12567433232333 11 7906047
12745633131131 11 8882254
12745633313312 11 7773611
12745633313333 11 8293474
12745631111111 11 25300382
12745633323311 11 7875067
12346751113133 11 9701493
12753462231323 11 8877253
12763452322232 11 8018286
13245671321111 11 9030620
13246571111111 11 11443692
13246571112233 11 7684829
12765432222212 11 13628373
12765433331333 11 9337855
13246571113232 11 11915616
12765433121213 11 10219983
13246572321332 11 9024376
12765432121313 11 9007977
13246572331232 11 8155543
13246752133211 11 10470490
13246573321223 11 8592520
13254761322233 11 8891196
13247563212131 11 9333771
13257641112233 11 7760425
13254762321233 11 10567272
13265741112323 11 12841913
13265742131312 11 10961887
13267451311133 11 7997428
13267541111132 11 10162150
13254763323122 11 9032555
13267541232212 11 9269437
13275461112233 11 8542008
13275463213211 11 8445370
13246573221233 11 8428896
13275641112323 11 12845841
13275641112233 11 10310651
13275642131333 11 9725645
13254761323322 11 7634091
13275643212221 11 10412375
13276451233133 11 11142464
13276451113211 11 11199393
13267451122211 11 9538299
13276541213312 11 11126350
13276541322311 11 10695192
13276541323322 11 7290967
13276542323312 11 8325705
13276543323122 11 8045853
13276541323112 11 6987666
13462571111111 11 8999915
13462572213311 11 7475321
13274651112323 11 11338687
13527461211113 11 8914320
13542671231231 11 7118095
13546271213213 11 7966257
13546271321321 11 8817738
13627451332112 11 7898289
13642571221223 11 10481227
13576241321321 11 8853222
13572641122133 11 11340329
13642571223221 11 10461946
13642573221221 11 11859500
13645271221331 11 7378929
13647521111111 11 8676313
13675242331313 11 8521946
13546271231231 11 10258660
13675241112323 11 9482453
13762451321321 11 7384147
13764252323231 11 7870522
13576241312213 11 11050282
13764251211311 11 6799326
13754262123323 11 16876234
13276541321123 11 8307553
13765422121211 11 10527860
14263751131121 11 7940039
13725642332132 11 8769776
14267351321321 11 8017179
14325672112121 11 7785343
14275633323122 11 8560130
14325672231323 11 8060118
14325673232333 11 7550765
14325673311131 11 9151791
14325672323222 11 7863326
14352672212111 11 8382042
14327653121213 11 9306463
14356721112323 11 8732552
14327652131213 11 8752541
14367252322232 11 8071279
14356721322233 11 10195181
14523672121313 11 8993882
14367523311113 11 14173670
14527631121311 11 8354477
14523673121312 11 10851263
14527631131211 11 8047772
14325673123232 11 8035511
14527631133311 11 7777217
14527632122213 11 8759113
14527632333332 11 10469758
14527633132322 11 8121277
14527632212111 11 8898399
14325671111111 11 29377564
14527633312133 11 8372896
14527631211131 11 8794117
14563272323222 11 7624444
14536273311311 11 9354085
14567231321123 11 9442090
14625731111111 11 11299589
14625731131121 11 8953210
14625731322233 11 8070971
14567231312213 11 11068400
14625732112121 11 8480352
14527631311121 11 8673688
14625732113321 11 9462938
14625732213323 11 7985860
14625732233111 11 8785504
13276541133122 11 8282264
14537622231323 11 8258035
14632571321132 11 8146759
14632571111111 11 13821721
14652733321331 11 8786823
14673251111111 11 11023918
14625733133111 11 7907821
14723651113121 11 7707352
14723651112131 11 8040481
14723651211212 11 7334663
14723651111312 11 10143305
14723652331232 11 8435018
14723652322121 11 6833578
14725361111111 11 9139193
14723653232222 11 7662218
14723653313111 11 7950812
14723653321313 11 9724816
14725362211121 11 9878137
14725363211213 11 7713776
14725363213121 11 7477392
14723651111213 11 7977560
14573261333111 11 9017460
14725361322332 11 8526863
14726531232122 11 8774434
14726531233313 11 7813905
14725361111123 11 7944756
14726531223122 11 8756450
14726533323122 11 7637837
14725363311113 11 10062626
14735621221112 11 7888339
14735621223113 11 7274751
14735621223332 11 11521429
14735621233112 11 9695038
14735621323112 11 9227964
14735621333111 11 7629915
14735621332112 11 7145035
14725363223213 11 7858704
14736251112332 11 7861292
14735621333222 11 7146828
14736253222223 11 7964897
14736521132222 11 8625891
14726531333312 11 7267837
14736521211212 11 8159909
14726532232313 11 9038562
14736521213333 11 8347625
14736521221313 11 8632838
14736521321231 11 11693258
14736521322233 11 7796577
14736523113131 11 8179239
14736521332121 11 9814959
14736523112222 11 8672767
14752363232222 11 9677165
14752363222121 11 7512765
14752631112311 11 8865914
14752363233131 11 8608407
14736251111132 11 8541338
14752633213223 11 7733242
14752631111111 11 10703441
14752632332132 11 7591557
14752633222223 11 8251658
14752633223123 11 7981412
14752633223231 11 8663181
14753261323112 11 9697512
14762351321231 11 9644402
14762351221331 11 8979259
14753261221112 11 7818064
14762351331221 11 7359789
14763251221223 11 13767188
14753261333111 11 7834353
14763251222312 11 12788615
14763251333123 11 11403580
14763251332331 11 12068867
14763253132232 11 10862109
14763252322121 11 11058484
14763253133132 11 10853340
14763253133222 11 11764555
14763253221221 11 10946306
14763253133231 11 11383147
12347561112212 11 8877716
14763521113223 11 7932476
14763253222112 11 12555853
14763521113211 11 8678298
14763523222331 11 6687804
14765231113121 11 7660849
14765231112131 11 8375326
14765231111312 11 8963765
14765232232322 11 7831797
14765232211211 11 7897057
14765233113131 11 7396791
14765232331313 11 7843567
14765233323332 11 7898178
15236471111111 11 10160159
14765231111213 11 8595299
15246371331332 11 10898513
15243671331221 11 7927079
15246371332331 11 10545457
15246372331331 11 10418353
15267431223113 11 7955435
15236473231121 11 7067396
15346271321321 11 7274947
15273641112323 11 9907324
15367421211113 11 9665930
15342671211311 11 6797250
15367423211123 11 8364979
15367421223113 11 7202444
15426371111111 11 9004846
15426371112233 11 7923044
15324673113311 11 13616015
15463271313113 11 8806739
15624732133313 11 8960698
15624732123212 11 10756599
15624732333332 11 8414815
15627431223113 11 7198718
15627431322113 11 9875146
15627431332112 11 7339083
15634722123332 11 11433788
15634722321233 11 8295309
15637423211123 11 9325716
15642372231332 11 8406593
15642373221323 11 8485392
15642373231223 11 9599778
15642372331322 11 7828577
15642371111111 11 19067794
15642372213311 11 8160649
15643271221331 11 7719373
15643271331221 11 8192473
15643273223111 11 7262647
14765231133131 11 7735984
15672341113232 11 9373765
15647233213232 11 7244492
15672341323112 11 7429155
15672433312133 11 10237653
15724362212132 11 9889258
15642373212311 11 8002297
15724631111111 11 9314227
15724631211311 11 7564742
15724631322233 11 8546505
15672342323312 11 8552162
15724632123233 11 10697816
15724633132322 11 7330245
15724632323333 11 8719255
15724632313223 11 7907587
15734622331223 11 8747244
15746321323211 11 7001747
15746321111111 11 11726997
15672343213232 11 7254843
15762342122213 11 12173465
15763242323132 11 7446496
16243571132132 11 7413873
15746322313112 11 6576046
15763241111111 11 10420435
16243571321321 11 7663602
16257431132111 11 8446476
16257433223123 11 7155985
16254733312223 11 14339648
16273541122133 11 12114461
16273541321321 11 10693149
16275343122221 11 8266057
16245371231231 11 8283260
16275341312213 11 10102655
16327453232333 11 7769156
14736521133131 11 8510519
16342571331221 11 8195378
16345271133131 11 8001182
16345272333212 11 7683032
16345271111111 11 17792398
16345271222111 11 8733268
16345273122323 11 9368510
16345272322232 11 8437995
15724632323231 11 8775188
16347253121312 11 10714521
16357421223113 11 8264058
16347252131312 11 11323533
16345273233323 11 10049089
16423572112121 11 9287339
16374521112323 11 8775505
16374523211123 11 7806189
16427531231321 11 8227308
16453271211113 11 7518785
16427532333233 11 13560626
16523473332323 11 7716298
16475233132313 11 11195687
16453271111111 11 11275260
16523741112212 11 9029527
16427531211311 11 7455579
16524731112212 11 10436806
16524731112233 11 8964514
16453272111131 11 7603261
16524731113133 11 8874750
16527431222132 11 13551953
16527431333213 11 11637458
16527432231122 11 12259902
16527431312222 11 14711828
16527432113333 11 11817017
16527432211322 11 13637718
16527432331322 11 12496980
16527432231332 11 11694767
16527432333113 11 12165435
16527433312133 11 11941521
16534271111132 11 7384437
16534271111111 11 9910650
16532471111222 11 10004616
16534273211111 11 9279773
16537421111222 11 8180256
16534723211123 11 12126439
16537421113331 11 8689248
16537421223113 11 7198819
16537421233112 11 10131514
16537421332112 11 7293284
16542371331221 11 7603040
16542372112331 11 10593991
16527341111111 11 8830854
16543271223221 11 10760196
16543271221223 11 14452788
16543271331332 11 11663413
16542371221331 11 6860496
16543272331331 11 10903732
16543271332331 11 11778465
16543721111111 11 9047465
16543721113211 11 7404512
16543273221221 11 11628292
16547233332323 11 8520345
16547321113331 11 10656719
16572431111111 11 10237635
16573241123123 11 8590108
16573241312312 11 7729777
16574231113133 11 9073221
16723451122133 11 9101766
16723451322311 11 8052791
16725431121311 11 7713953
16725431131211 11 7961528
14752631323223 11 7859141
16725431211131 11 9875829
16725432211121 11 8841082
16725432232223 11 7763091
16725431311121 11 7466408
16572433213223 11 7349163
16725433113311 11 7954605
16725433122212 11 7509883
16725433333232 11 7143875
16735242122213 11 10728479
16745232121313 11 9164480
16743252323222 11 7834830
16745233121213 11 8415744
16745233333313 11 12199907
16753241221112 11 9289446
17246351111111 11 8800815
16745232122222 11 8519070
17324561232332 11 6725551
17265433111313 11 13347302
17356241212313 11 6841069
17324561211323 11 9230716
17326452212111 11 14193089
17356242211331 11 10841691
17362451211311 11 6717937
17362451231321 11 7549964
16725431211122 11 8033264
17364251231231 11 8994659
17425631122112 11 8207115
17423653213232 11 7632856
17425631223113 11 7356157
17425631313113 11 7985909
17362452213311 11 11613014
17425631323112 11 9501354
17425631322113 11 9392207
17425631323223 11 7733513
17425631332112 11 7542063
17425631322332 11 11040171
17426531121212 11 9241426
17426531112233 11 8198691
17426531132312 11 9041751
17426531223221 11 7247454
17426531232233 11 11524493
17426531313131 11 9275139
17426531213123 11 9851145
17426531331332 11 7602534
17426532121211 11 8436256
17426532331331 11 8343766
17435622211133 11 11053315
17436521323232 11 7273530
17435623211123 11 11914291
17452363322132 11 7385538
17452633213232 11 9456362
17453262211133 11 8411997
17452363213232 11 7329439
17463251221331 11 6826724
17463251122112 11 8103845
17462352213311 11 8744278
17463251321231 11 8497294
17463251331221 11 7251333
17463251323112 11 9692835
17526431131121 11 8149274
17526431231321 11 8585346
17463251313113 11 7868383
17526432123233 11 11367168
17543261111111 11 11616345
17642531111111 11 8773215
17543261132111 11 7383313
17642531112233 11 10510148
17642533312211 11 7481032
17643251122112 11 8854617
21345671111111 11 10929809
21345762312323 11 10297380
21345763332233 11 9934095
21346752313322 11 11092654
21345762313223 11 9257638
21345762223322 11 13033667
21354671122112 11 8098754
21347562312323 11 13872930
21354671131313 11 9985550
21354672311132 11 10012308
21354672311123 11 9128443
21354761112233 11 8466410
16537421113322 11 8251325
21354761112311 11 7901116
21354761113211 11 8765102
21354671221112 11 8237536
21354761113322 11 8022406
21354672313211 11 28354323
21354761133311 11 8833112
21354762213311 11 7390694
21354761122211 11 10526524
21354763312211 11 7893875
21357462311111 11 10923695
21357463213331 11 10101154
21357642221132 11 10542134
21354673131113 11 9934407
21365742221312 11 7726132
21364752311111 11 9454651
21367451311331 11 8018275
21365742312323 11 9352011
21367452112112 11 7874836
21374653333121 11 8758303
21375463333211 11 9320283
21376541111123 11 8409250
21375462312233 11 8599538
21376541112311 11 8120982
21376541122211 11 11046313
21473563331312 11 10235802
21457631321123 11 11465901
21376541131133 11 8602203
21536742222131 11 10087128
21654372231323 11 8888768
21654372233321 11 8113027
21654373332122 11 7980566
23147651112323 11 9312878
21654373332221 11 7923966
23147562123131 11 11279212
21734652123131 11 7796212
23147652312323 11 8107814
23156471222132 11 8717171
16742352232313 11 9569633
23156471333132 11 7384530
23157461231333 11 9239319
23157462131123 11 11528200
16527431123333 11 13043427
23164752131312 11 8827231
23165471111111 11 9350384
23164753333313 11 8591160
23165471311133 11 8439165
21364753212212 11 8898921
23164573213133 11 9232538
23165472111332 11 7532433
23165471312132 11 7848118
23165472111122 11 8809584
23165473233221 11 9545045
23165742123131 11 10559785
23165472132332 11 8661939
23165742131321 11 13000889
23165742131333 11 15208638
23165742312323 11 10523279
23165741231312 11 10633585
23165741112323 11 11709771
23165743331312 11 15249622
23167541233322 11 8852164
23167542131222 11 8757861
23174652123131 11 9171033
16243571231231 11 7995605
23175463211222 11 9558075
23176452132221 11 8802218
23456173212332 11 6810959
23417563232123 11 7833688
23156473323332 11 8200881
23475162121112 11 11091068
23456713212332 11 7080908
23576412233321 11 7914379
23576412312323 11 7597560
23416752121211 11 11846967
23657142121112 11 12024609
23517462131333 11 11935408
23751461132123 11 6847748
23751463112321 11 6924104
23671452122333 11 16538591
23756143222331 11 8633807
23456173233122 11 8701998
23756411222312 11 10655011
24153672321233 11 8775636
23756413222112 11 11139065
23674153232321 11 7168657
23756413322312 11 11185175
24157361313212 11 8007937
24157362323111 11 7891578
24173652323231 11 7310128
24167353132232 11 11571188
24315673311311 11 13858264
23756413223312 11 10681273
24351671212211 11 11035270
24351673111133 11 11233712
24315762213323 11 8795098
24315761122322 11 9629873
24351761111123 11 13294036
24367511323112 11 9819555
24351673311311 11 13001962
23176453332233 11 9373870
24516732233111 11 8972544
24351761212232 11 9374632
24376512222122 11 12034491
24536713231232 11 8923240
24531673123121 11 10024821
24563711121212 11 11118295
24561372111131 11 8760821
24563712121232 11 11206581
24571631121212 11 10336712
23165472311111 11 8065073
24563713121222 11 14365936
24571362221213 11 10359589
24537613231322 11 11617831
24615731122313 11 10922420
24615372213311 11 15741021
24367513111121 11 7346123
24615732213311 11 9012671
24615731132333 11 14967127
24615732111323 11 13207465
24615371112332 11 8305968
24615732233321 11 10712707
24615733311122 11 9401492
24615733113323 11 15397106
24617532233321 11 11967486
24651731333333 11 7879294
24715631122121 11 9893651
24651731113223 11 8749648
24715632313223 11 7223078
24715631111111 11 9985206
24715633112111 11 7107534
24715633131131 11 9640812
24731561111111 11 13940749
24736512222332 11 11640223
24751362221231 11 14401251
24716532323231 11 11180945
24751362321113 11 17355471
24761531221223 11 11252979
24637512311132 11 11218597
24731562311231 11 8103283
24763151111111 11 9318425
25134672233321 11 7847331
25134672312323 11 7537150
24765313222112 11 9478696
25137461111111 11 10170327
25134672313211 11 10116270
25163741112323 11 9246149
25137461211323 11 6988789
25341673113311 11 15554805
25314673111313 11 18808368
25367411211122 11 9603371
25314673131311 11 18578920
25364172311231 11 14353775
25341762313223 11 13143893
25364173223231 11 6788119
24715363311332 11 9428418
25413763121222 11 10030795
25436712123332 11 8751904
24715631122133 11 7972337
25436712123122 11 7898457
25413672323111 11 14453467
25436712323231 11 7889883
25436711311313 11 8490917
25436713232321 11 8485286
25471362323132 11 8412151
25436713332122 11 8044588
25471631312213 11 12649655
25641371213132 11 9431607
25436712132122 11 8649955
25634713321232 11 9776069
25631741212121 11 15499987
25714632123131 11 10079386
25714633121333 11 9770310
25716433223213 11 8863682
25731642232211 11 15600181
25734613113323 11 11994791
25714632313211 11 25020825
25463713212332 11 8894365
25734162221111 11 8857482
25716431212223 11 9398302
25314673111331 11 17959655
25736141233232 11 10084734
25736411331113 11 9198631
25736411133113 11 9628537
25736413123112 11 7718816
25736411321312 11 7405877
25714632223331 11 8936620
25741361232113 11 10677862
25743611233232 11 8400592
25763411332322 11 7769126
26135742132221 11 9709738
25741632312323 11 8128251
25763142223133 11 10236883
26153471122121 11 9116969
26135742213323 11 8956451
26153473131131 11 8275900
26153473132121 11 8068634
26175432331133 11 9888356
26135742332312 11 9254276
26415731322323 11 7771160
26371453112111 11 7890571
26317451212211 11 14371776
26415732121223 11 7737375
26415732233321 11 9592888
26345711223113 11 6698533
26435712311132 11 9999877
26435712322322 11 13183359
26435712222122 11 14166565
26435713333133 11 11999649
25736411231321 11 8692935
26437512122312 11 8814395
26435712233321 11 10471094
26453172211133 11 9752843
26453711333333 11 8776673
26517343333313 11 11314829
26154372332213 11 17918711
26543171123111 11 7468324
26513471122121 11 9301357
26534713333313 11 12160298
26547313131323 11 12125026
26543171111111 11 9223275
26573413331312 11 10009326
26714532121133 11 10487214
26741351232113 11 7764301
26714531212133 11 9704341
27134561131133 11 8990652
26743512121232 11 12113419
27154632311132 11 8090839
26715433231322 11 8948659
27365412321212 11 11696884
27415363131113 11 11319645
27314652313211 11 9855094
27416532133232 11 8062671
27415633321322 11 11943826
27416533321232 11 9793978
25736141111123 11 10650905
27453161132111 11 8432423
27415632323231 11 9681335
27516341111111 11 8870177
27534161111111 11 8823972
27456133132223 11 9152304
27534161111123 11 11703381
27534162311111 11 8156118
27435612122222 11 8700062
27534612311132 11 9545779
26435713311122 11 9868810
27536412332312 11 8812463
27543611111123 11 10356482
27543611111132 11 7359150
27613543333133 11 11341967
27614353311332 11 9846121
27453161123111 11 7186741
27615433313213 11 7894848
27634511131133 11 8864680
27546312231122 11 15505653
27615432113321 11 11359892
27634512233321 11 8296029
31246753312211 11 10955376
27643513311233 11 12842227
31247651113232 11 7887476
27615431312333 11 10733623
31257462312311 11 8703689
31247651323232 11 9310467
31257643311122 11 9147527
31257462222221 11 10515460
31264573222223 11 8905354
31264752132122 11 8950576
31256471231222 11 8814169
31264752313121 11 9535366
31265471122133 11 9121555
31264572122213 11 9013895
31265471312213 11 8104975
31265471321111 11 7089104
31265471111111 11 11361153
31265471122112 11 7967126
31265472312233 11 8104678
31265472233321 11 11367744
31267542222233 11 10471649
31265741233331 11 11186767
31275461112233 11 11532905
31267542313133 11 11357464
31275462133211 11 9722191
31275461322233 11 11643750
31275462223211 11 9766065
31275462311213 11 10244575
31275462312212 11 10345803
31275463311122 11 11126957
31452671323211 11 6676574
31276452313313 11 9436215
31452671332232 11 7079138
31452672322331 11 7111542
31456722111221 11 8933941
31265471313113 11 7522898
31462751113322 11 8226035
31276452133322 11 8022887
31475261322233 11 8593248
31475262333221 11 8552324
31475262331313 11 10287933
31527643332122 11 7157803
31564272213311 11 7950506
31462751111111 11 9588543
31624751112233 11 7540166
31564272212111 11 13711319
31564273113311 11 8687029
31572461122133 11 8859920
31627452221333 11 11381243
31624753312211 11 7393301
31754621331122 11 10993958
31654272313322 11 12491907
25741632222323 11 9014145
32145671221112 11 8735519
32145671111111 11 15093141
32145671123333 11 8690815
32145671333333 11 8668900
32145672113333 11 8170830
32145673112222 11 7385960
32145673311113 11 8443011
32145672212222 11 8281790
32147562313223 11 7391865
32146752232223 11 10313817
32147562333233 11 13245438
32147651123333 11 12892656
32147651132222 11 11747105
32147651213333 11 13279695
32147651312222 11 12236424
32145671132222 11 8145161
31524673332122 11 12115059
32147652231332 11 11537809
32147652113333 11 11910528
32147652331322 11 12517777
32147652233213 11 15224417
32147653112222 11 11987868
31264573132313 11 8676401
32147652332213 11 14730977
32156471113211 11 7667975
32156471232332 11 7060226
32156471111111 11 9660210
32156472332132 11 7339144
32156472332321 11 8072111
32156472312332 11 7453296
32156742311123 11 7544918
32156473223123 11 6847369
32156741112323 11 14012832
32156742313223 11 8941044
32157641232323 11 8431057
32157642231323 11 8500016
32146751232323 11 8385291
32164571232323 11 7520894
32164571111231 11 7308345
32156472333332 11 8352047
32164571111111 11 10520430
32164572232223 11 8963940
32164572232313 11 8946978
32164573323212 11 7967078
32164572233321 11 8726038
32164572312323 11 8420539
32165741111132 11 8120899
32165741233223 11 7801312
32165742331112 11 7520881
32156742333131 11 7571627
32167451213333 11 8403093
32167451222222 11 8076163
32167451111111 11 10572252
32167452211121 11 8302402
32167451333111 11 7757036
32167453222313 11 7156488
32165743311131 11 7969192
32165742211112 11 10231068
32167453321232 11 8165590
31765242322121 11 10718312
32174561232233 11 9427277
32167453313333 11 8286397
32174562231212 11 8549670
32174561232113 11 10672614
32174652312332 11 7320650
32174561112323 11 10239739
32175461113112 11 7488883
32174652332132 11 7467503
32175461221112 11 7745515
32175461333111 11 7994002
32175462233111 11 8442301
32417562113321 11 12650182
32417653132121 11 6785686
32416753121222 11 13215993
32456173212332 11 8859656
32175461111111 11 10842172
32451762331121 11 6919035
32175462312323 11 11218743
32465172112121 11 8580053
32465172133121 11 7355328
32465173123121 11 7713400
32465173132121 11 7940127
32456711233133 11 16772419
32167451312222 11 8024353
32465172332321 11 8233544
32465173133111 11 8593628
32475163331222 11 9623749
32417652132131 11 7809979
32547611121113 11 8292876
32517463131311 11 13226638
32476513232231 11 8158880
32547611131112 11 7699585
32546713323212 11 8921128
32465173233221 11 9193662
32475161232323 11 9370546
32465172132131 11 7023954
32547613111211 11 7870507
32547611312111 11 8244906
32547611213111 11 7873693
32561471113133 11 9051652
32561471131211 11 8193727
32561471311121 11 8307388
32561471122211 11 8779571
32547612111311 11 8015896
32561472213122 11 7847609
32561473222223 11 7430140
32561473323212 11 7531830
32567412122222 11 8640411
32567412131312 11 10696806
32567412222212 11 13143186
32561471121311 11 8118097
32567413133333 11 10398261
32567413131212 11 8488211
32647152133121 11 9960037
32561471211131 11 10384037
32615473332122 11 8743011
32647153132121 11 6834646
32657143121213 11 10425756
32647512333233 11 13862064
32671453123313 11 10726166
32714652332132 11 7898927
32674152113333 11 12394966
32657412111212 11 10250216
32716452123212 11 11825683
32741651131211 11 8577615
32741651211131 11 7985706
32741651311121 11 8301728
32741651121311 11 10850376
32741653111112 11 8740232
32745612322331 11 7427779
32745611223332 11 7618861
32745612313322 11 8882836
32751643321232 11 9185807
32754163211123 11 7913197
32756141233121 11 9386759
32561472133313 11 7880211
32761452122222 11 9274910
32761453133333 11 8887843
32765411112221 11 8631874
32761453121312 11 12167994
32765411121113 11 7829152
32765411131112 11 7468900
32761452121313 11 8727447
32765411133113 11 8162989
32765411331113 11 8155243
32765412323222 11 8067837
32765413122212 11 7407806
32765413223312 11 7351125
32765412221312 11 7758820
32765413231223 11 8745514
34125672131213 11 8350721
34125672131312 11 9287722
32765413322312 11 7264327
32761452222212 11 8693181
34125673133333 11 9543374
34127651121113 11 7800234
34127651131112 11 7706351
34127651312111 11 8271220
34127652111311 11 7772576
34125672221222 11 8705692
34165271112212 11 9528092
34127651213111 11 7919411
34165271131211 11 8254938
34165271211131 11 10139655
34165271311121 11 7746318
34127653111211 11 7834911
34162752132212 11 15898542
34165271121311 11 8813530
34165271311133 11 8526030
32165741111111 11 12621359
32576142313223 11 8485647
34165273133312 11 9961168
34165272323333 11 7949686
34165273222322 11 7129616
34172562313331 11 9611624
34175263321232 11 9235044
34172562132332 11 8974686
34261572132131 11 6973534
34261572133121 11 7322340
34165273311131 11 7832532
34167252213323 11 9086126
34261573123121 11 7481814
34275161312213 11 8728284
34216572213122 11 12409265
34265712212132 11 11634517
34275162112322 11 8396156
34516272312332 11 9872002
34275162213221 11 9229813
34521672223232 11 8575021
32741652111113 11 8749624
34516722313223 11 11072440
34517622231323 11 9262010
34526713232312 11 7902273
34527612211322 11 12992372
34527612231122 11 12647812
34561272122123 11 12028823
34527613312133 11 12873940
34561272122321 11 12555856
34561272213122 11 12486299
34516271111111 11 9050550
34561272212213 11 15269048
34561273311233 11 12379905
34561273313321 11 14119455
34561273321223 11 12096369
34561273233131 11 11807308
34561272232211 11 14755191
34561721111111 11 9803160
34562171321111 11 7887652
34561273321133 11 12872881
34527612231332 11 13864228
34562172232313 11 10186584
34562171321231 11 7703738
34567212223232 11 9990718
34621572132131 11 8155747
34617252111212 11 10938890
34625172111212 11 11716819
34617522221333 11 10304414
34617252123212 11 10835361
34651271123111 11 8060896
34651272332132 11 7689975
34617252132212 11 11569493
34527612331322 11 12635373
34716522223211 11 10463130
34675212222122 11 11964224
34721652131213 11 10173459
34715262221123 11 11748419
34721652121313 11 11224153
34721652221222 11 11367385
34721652222212 11 10687113
34721653333313 11 10038683
34725611212211 11 8915793
34627512232313 11 8256243
34725612231212 11 8902430
34725612231332 11 7799887
34725612331322 11 8230808
34725613111112 11 8438260
34725613132223 11 8235793
34725612322232 11 8336111
34725613311113 11 8215427
34761252323222 11 7771209
35126742231233 11 9799903
35127462331331 11 10311839
35126741232212 11 9833477
35162472123233 11 10019395
35162473122221 11 7701039
35162473323131 11 7841277
34725612111113 11 7677708
34725612121322 11 8881047
35162473332131 11 7762751
35162472122231 11 7832813
34725613111133 11 8193539
35162742213323 11 10093369
35167242132212 11 9858773
35174262213131 11 11750392
35246171111111 11 8766493
35172461232323 11 9361354
35246171113322 11 7602667
35267141223233 11 7167130
35246172213311 11 8469601
35162473332122 11 8705993
35174262231113 11 10344126
35426712131132 11 8689139
35267141321132 11 14973022
35416721113112 11 7753157
34561273221233 11 11921671
35426712311312 11 7691596
35271461322233 11 7764493
35417622223133 11 11344291
35416723232213 11 10485301
35461271111231 11 9029326
35461271321231 11 7693960
35426713131113 11 8355558
35462171131313 11 8554754
35426713111313 11 9221598
35462171332331 11 8246119
35462171221223 11 7359317
35462172213311 11 8812379
35462173123211 11 8186512
35462172223331 11 8042138
35462171212121 11 8957864
35462712322322 11 9805170
35472163222313 11 8013158
35476122221111 11 9100849
35462172312131 11 7796428
35426713312211 11 8805472
35461272222323 11 7992252
35614722321233 11 9497520
35462173131311 11 9142358
35617423131332 11 8645001
35472163231322 11 8881604
35624712121232 11 12264179
35714623111322 11 10462753
35762142222113 11 9673605
35624712321212 11 14277255
35624712331232 11 12092970
35462173221221 11 8788783
35721642221213 11 16079570
36125471212112 11 11769767
36125471312111 11 8002615
36125471222111 11 11979504
36125471111333 11 8325353
35624712321332 11 11995863
36125472121223 11 7266100
36125473232222 11 8911328
36125471213111 11 7611175
36125473323233 11 8620379
36127451333222 11 7461214
36125743222331 11 13821547
36145272122222 11 10135127
36145272131213 11 13177042
36145273333313 11 10374754
36145272131312 11 9009597
36147251131211 11 8976504
36147251121311 11 8568129
36147251311121 11 7818491
36147251211131 11 9339607
36147253111112 11 8383962
36172452133133 11 11693743
36125473111211 11 8149983
36217452131333 11 11342857
36217543213112 11 7045818
36152741231312 11 11056258
36217541223311 11 6689090
36241573212332 11 7359185
36152742131321 11 9757920
36521472113321 11 9244958
36241753212311 11 8554811
36527412111113 11 7742672
36514272212111 11 13134949
36527412131222 11 9091001
36417522123311 11 9462549
36527412211322 11 9172692
36521472331121 11 7776592
36527412221312 11 7967941
36527412231122 11 8052944
36527412322232 11 8182310
36527413111112 11 8169410
36542712121322 11 11884660
36547212121313 11 10032449
36527413311311 11 7654012
36547212122222 11 10633793
36527411131133 11 7858817
36547212131312 11 10684928
36547212221222 11 10134241
36712542121121 11 11570383
36712542122111 11 12199194
36714252232223 11 7986862
36712542121211 11 13624561
36712542121112 11 12358655
36547213331333 11 9133864
36541272323222 11 7688380
36714521232113 11 11028067
36415272123212 11 10529133
36714523132322 11 8858647
36721451131331 11 7793189
36714522121322 11 10959216
36714522122213 11 8881200
36721452121322 11 8922059
36721452122123 11 7430068
36721452122321 11 8325012
36125472111311 11 7579831
36714523132223 11 9032197
36721452131111 11 8240290
36721453121111 11 10527229
36721452223232 11 7974885
36721453113113 11 8662038
36725411212121 11 13204157
36725411131313 11 13165488
36725412111212 11 14214801
36725412121232 11 13204556
36725412121211 11 13527119
36721452122213 11 8917077
36725412121112 11 13136119
36725412123212 11 13985503
36725412321212 11 13756401
36725413111313 11 15151666
36725413131113 11 13619139
36741252122123 11 13291589
36725413131311 11 15911423
36741252122321 11 12409924
36725411313131 11 13257376
36741252123323 11 12837546
36741253233131 11 12650546
36741252122333 11 11991458
36745212122312 11 9465915
36745212121223 11 7574618
36745211211221 11 7258448
36745212122333 11 8044778
36745212123323 11 9040433
36745212223232 11 7985917
36745213131131 11 7457573
36745212131111 11 7602268
36745213232213 11 7808413
36751243222322 11 8171422
36752142123221 11 8163983
36752143133222 11 8834208
36752142122132 11 8717350
36752143132232 11 7256140
36752143211132 11 8251111
36745213121111 11 9804429
37246511112233 11 10004420
37256142321233 11 9405330
37415622333221 11 10584796
37452162323312 11 8736168
37516422333311 11 8293473
37612453122233 11 8169644
37561241311112 11 8062668
37426513132313 11 12126390
37612542221111 11 9596594
37614252221123 11 10421355
37614521323232 11 7160437
37614522111221 11 8117045
37614522313322 11 9620052
36754123232222 11 14148130
37614522113321 11 9229249
37614522323312 11 8059314
37614523232213 11 9085284
36745213133111 11 8182304
37615421113322 11 10122674
37615422211133 11 10063731
37615422313121 11 9485439
36725411121212 11 13125268
37615423121132 11 10761618
37615422223133 11 10197084
37615422313331 11 10183924
37614521111111 11 11009830
37624152311213 11 10435713
37624511232233 11 9446689
37624513131323 11 8988178
37624513231313 11 8764684
37642513122221 11 9365942
37645122312221 11 7918973
37642152213311 11 10905434
37651242211133 11 11293307
37641252222323 11 9287240
37654212311222 11 9976901
37652143231322 11 8659858
36147252111113 11 9987441
41236753232321 11 8454864
41237561313131 11 11877018
37624512121322 11 10908236
37652141113232 11 7664277
37651422312311 11 10631754
41263751312222 11 12831533
41325763131233 11 7672261
41352671212112 11 11939889
41325671212211 11 8635418
41357622313112 11 6887114
41352671212121 11 12320784
41352671222111 11 12384330
41325762313223 11 8019185
41367253111133 11 11309634
41563273113311 11 9058948
41576322212222 11 11145965
41532761233133 11 10089448
41625373121213 11 8472284
41657321222312 11 9040146
41635721212121 11 14432989
41673252212222 11 11763655
41673521111111 11 9621771
41625372313211 11 24117160
41532672313211 11 15238626
41625731222231 11 9831660
41725361232113 11 10360088
41725361321213 11 12485384
41725362313211 11 11585187
41725362221213 11 10688801
41725362313223 11 11605589
41725631111111 11 11466659
41725631211122 11 8900918
41725363121222 11 9958062
41725632322331 11 7777963
41725633111133 11 8421945
41725633121123 11 8114002
41726352313322 11 8835216
41723562313211 11 9177125
41726532312233 11 10952011
41725633211111 11 9285205
41735261323313 11 10975020
41735621233232 11 8583265
41735263123223 11 8286979
41735262312233 11 10311219
41735622313322 11 10057962
41725363121231 11 9530413
41736522332231 11 8003273
41752632311123 11 8300833
41752631222123 11 7575129
41752632312323 11 7628170
41756231321213 11 11960206
41762532221333 11 10415665
41765322221312 11 7740056
41756233121231 11 9331213
41765231233232 11 8493439
41762533123331 11 9568861
41736521233232 11 10308705
42136752131312 11 11088373
42137653122131 11 7930589
42137561123333 11 10480000
42157633231322 11 10550221
41765323122212 11 8161618
42165373223123 11 6635177
42163751121212 11 12201601
42137653132121 11 6688859
42167532131333 11 11382973
42351671212211 11 10311836
41765322313211 11 16717436
42367153111121 11 7304388
41752632313211 11 28654402
42561733323122 11 7058524
42516372233111 11 9993901
42351763231133 11 15085883
42573613322231 11 8131796
42573612323231 11 8772994
42367153211123 11 8021246
42613572313211 11 9164801
42615372213311 11 11702771
42615372221213 11 10683480
42651733311122 11 9761753
42615372313211 11 11952344
42673512232133 11 10718903
42751632321233 11 10407316
42751632323231 11 8313453
43167251232212 11 9452575
42651372213311 11 7756489
43176252311132 11 8403566
43216573132121 11 6992864
43126572133313 11 11202923
43216573132223 11 7839307
43216573212332 11 11045538
43176252123131 11 7899552
43216573212311 11 7689070
43527612312323 11 7465749
43561271111111 11 8438713
43571262122222 11 10741171
43576211123222 11 9370587
42315673112111 11 7121864
43572612312323 11 8826010
43512671313332 11 8846852
43576212112232 11 11769064
43615271333312 11 7974672
43617521223221 11 11605756
43615272113321 11 8862685
43675122222122 11 13263817
43721653231313 11 10235256
42615371313332 11 14679077
43675211221331 11 8901439
43621752213323 11 11661329
43572161111111 11 10079709
43751623123313 11 10338644
43651722323132 11 8494268
43765212222122 11 12973068
45167323322231 11 8529329
45213672221123 11 9920822
45176231131313 11 18360573
45176321131133 11 15613247
45273162222122 11 11503736
45176233131113 11 18853777
45312671222312 11 7475432
45276131131133 11 13638956
45312672223331 11 8343996
45312672233321 11 7807312
45176231331113 11 17771507
45176231133113 11 18303446
45312673222112 11 7434127
45312673132313 11 13410182
45312761133311 11 8191809
45312673231313 11 13235022
45312672313211 11 24568818
45312762221111 11 10040613
45321671221121 11 8975933
45321671212211 11 8985306
45327612222323 11 9585577
45321673113311 11 14897120
45312761113211 11 8578581
45367122223133 11 9742902
45362712122222 11 11374966
45367213111133 11 9306279
45312762311111 11 8223734
45376121331311 11 10545372
45376211333123 11 8533217
45376213333322 11 7909699
45376121131133 11 14418816
45376213131323 11 13551879
45612372331121 11 7582723
45612373132121 11 7426199
45612371133221 11 8981850
45367211211122 11 9165779
45612373112231 11 7781833
45612373322111 11 7184064
45612373332122 11 7657415
45613271331221 11 8742159
45613272233111 11 11019414
45621373123331 11 9630373
45621732212123 11 10038030
45612373132223 11 8188515
45621373211111 11 12025186
45623712332123 11 7061018
45612373332221 11 7719941
45621732233333 11 9620297
45623713322321 11 6764038
45637123132121 11 7775831
45671231132231 11 6922296
45673212212132 11 8941613
45721363321313 11 8557009
45673213211222 11 9133963
45671233112132 11 7441518
45732612233321 11 7447235
45721363322231 11 8260597
45713623223132 11 7367152
45637123332122 11 6813827
46123571111111 11 9072419
45736121122211 11 12102528
46123573232123 11 11088129
46127352131333 11 12558382
46125731333123 11 8890295
46157233333232 11 7792700
46127351131313 11 11171613
46127353131323 11 13504035
46157321331233 11 9297604
46153273131131 11 12770261
46215372121223 11 8243002
46215372313211 11 14307281
46135272133313 11 10547642
46273513221212 11 7858815
46273512122312 11 8262451
46257313312211 11 15862216
46275312112232 11 12103181
46275311123222 11 9632982
46257132211133 11 10145917
46275313312211 11 11439367
46275312313211 11 11506677
46321752111131 11 8737681
46352172113231 11 6610732
46275312132212 11 10676729
46352171211233 11 7133299
46275312232133 11 9405268
45367211111132 11 8656603
46375212113111 11 7869815
46375211211332 11 7166412
46375213112111 11 9762395
46372511221331 11 9639474
46375213123121 11 8904621
46375213333121 11 7250514
46375212132131 11 7145972
46275313121222 11 9899810
46375212132221 11 7884505
46513272332111 11 7553008
46523711331332 11 8969635
46512371331221 11 9374742
46527133111121 11 7311700
46512372113321 11 10216031
46572311223122 11 9588554
46721533123313 11 9968456
46572312132122 11 7821184
46513273113221 11 7522044
47123562232133 11 10911204
47126532133133 11 9219995
47126351233232 11 10989015
47132562311111 11 8829311
47135622132332 11 8250259
47152361233232 11 7280158
47136252133112 11 11646057
47156231332313 11 9400061
47152631322131 11 9358951
47123651233232 11 8074026
47156233223312 11 7754021
47156233233113 11 9160500
47132652233321 11 8799980
47132563222331 11 11787133
47156233322312 11 7443989
47156321111111 11 9484877
47156322132311 11 8124019
47156321133311 11 9579767
47156233211132 11 8989234
47156322332312 11 7318875
47156323223123 11 8069465
46375212332222 11 7709097
47162351322122 11 8203006
47163522131222 11 7854362
47156322332132 11 7001693
47165321232113 11 10648849
47165322132212 11 10668262
47165321322131 11 15487095
47165322232133 11 9168205
47165322313211 11 12003834
47216352131333 11 12795922
47265312122222 11 8607669
47156322313232 11 7504190
47251363131113 11 12412838
47256133321232 11 8003216
47265312131312 11 8972928
47165322133112 11 12170964
47251632131312 11 10600525
47352612311132 11 7964726
47512632312323 11 7643203
47321651311133 11 8995723
47621532232331 11 7008241
47621533231121 11 7317799
47352612313211 11 15062946
47632153212311 11 9146178
47352612123131 11 7732222
47632153232321 11 8416423
47256133212311 11 8103553
47265312313211 11 24086748
47652132231323 11 9130352
47632513212332 11 11771845
47653213232111 11 6683578
51264731113322 11 7737627
51264732213311 11 7297737
51267342312233 11 12869037
51324673113311 11 12782075
51324672212111 11 10846949
51324763113332 11 9088086
51324761111123 11 9438180
51342672212111 11 10353843
51324671211122 11 8396334
51423671221331 11 7847738
51426733312211 11 8381690
51342763312223 11 18357358
51426731111111 11 9249203
51472633331312 11 10570002
51623471321111 11 6721752
51367241211113 11 7425561
51624731312123 11 9571338
51472361131313 11 11144239
51624733323113 11 10428671
51632741323232 11 7462965
47632152233321 11 7439615
51642731113322 11 10949491
51623743313321 11 9868921
51642371122313 11 10033647
51724362122222 11 9120879
51723643131311 11 10525147
51726433123313 11 10614944
51724363121213 11 8956514
47653213211231 11 11416174
51647231113232 11 7180323
51732643121213 11 11097143
52147631121311 11 8534570
51742632323231 11 8778844
52147631211131 11 7667575
52147631131211 11 8910091
37624512231212 11 8432591
52147631311121 11 7829533
52147632111113 11 8471966
52163471112122 11 8865875
52147633111112 11 10919999
52163471312111 11 7512835
52163472131222 11 7453864
52163472111311 11 7587040
52163473111211 11 8041733
52163473111331 11 7944148
52163473323332 11 12779303
52167432121313 11 9462888
52163473221323 11 7449503
52167432122222 11 11560105
52167342121232 11 10518263
52167432131213 11 10066472
52167433133333 11 11175366
52163471213111 11 7615019
52167433331333 11 9587274
52174633223123 11 9940957
52314761322122 11 8954386
52341672211112 11 9265789
52314673311311 11 15762698
51742632323333 11 9532784
52341671122211 11 9177066
52341672232313 11 8609124
52341671311313 11 7449585
52341671111111 11 25125383
52341672323222 11 9376469
52341673133111 11 7905342
52341672323312 11 12323027
52341673323212 11 12104120
52341673232333 11 7522556
52361472131312 11 9476615
52163471333123 11 6944397
52367142211121 11 9686975
52374161112323 11 8413535
52463173212332 11 10871924
52463713212332 11 10914621
52471631223113 11 8182297
52367412322232 11 8133889
52471631323112 11 8393105
52614372313211 11 13596446
52641733212311 11 7950437
52641733232321 11 8093335
52673413232123 11 7554880
52713461232323 11 7456430
52714633223123 11 8090626
52361472121313 11 11461272
52714361232113 11 12318017
52731641233112 11 7121397
52731641323112 11 6864917
52376413222223 11 9085730
52736141322233 11 8083506
52741632122333 11 11941633
52741362313223 11 10626978
52741362313211 11 9342614
52741632212213 11 12492730
52741632232211 11 12106583
52741632212231 11 12984157
52741633221233 11 11912502
52741633313312 11 11750206
52741632123323 11 14747372
52741633321223 11 14010319
52743611111213 11 8140799
52741633323311 11 12243377
52741633313321 11 12671208
52743611111312 11 10056181
52743611112131 11 8134982
52743611113121 11 10229164
52743612131111 11 7755345
52761431111312 11 8134671
52761431112131 11 8464724
52761431113121 11 8578640
52761431111213 11 8079543
52761432131111 11 8240585
52761433121111 11 7913957
52714633213223 11 8082317
52763143222331 11 12487688
52763411222312 11 16528604
52763413222112 11 17093993
52763411333123 11 11246697
53126471231231 11 10089919
52763413223312 11 17047971
52743613121111 11 9391706
53126471231321 11 8067597
52763413322312 11 16545915
53126471321321 11 8630735
53146272123233 11 11411372
53274163211222 11 10329582
53147262123131 11 7946974
53421671321111 11 10622509
53421671321231 11 7078339
53467211321111 11 6755766
53462711113322 11 10666456
53476121323112 11 8813915
52341673232213 11 8437333
53621471331221 11 7383823
53614721212121 11 11247876
53162743312223 11 18603622
53642171111111 11 9123479
53672142221213 11 15217708
53714622233111 11 12521094
53726143333121 11 7961720
53724612121112 11 11071264
53741621332112 11 8435927
53721463223312 11 9313408
53741621323112 11 8181045
53761242121211 11 10976162
53742612323333 11 9686259
53761242221213 11 11619896
53761242321212 11 10894373
54123673233323 11 8884325
53762413322123 11 10183518
53426171112233 11 8185489
54127632131213 11 10809454
54127632222212 11 10256213
54127633133333 11 11320654
54163271133221 11 8325381
54127633131212 11 10800886
54126371331221 11 7508254
54127633333313 11 10521771
54167231121113 11 7555080
54163272233111 11 10849288
54167231221211 11 8175085
54167232112112 11 8125718
54167231333213 11 7567607
54167232133313 11 8619512
54167232333113 11 7523046
54167233331213 11 8567950
54172633132313 11 10575674
54167233232333 11 9707301
54231671123111 11 8107894
54231673123121 11 7098306
54217362233213 11 17441311
54261373123121 11 7695776
54217632132212 11 15599386
54261732231233 11 9514964
54276132233312 11 9265348
54312671131331 11 7969792
54317261113112 11 7130402
54312673311311 11 14825414
54312672212111 11 8721348
54321672212231 11 11822123
54321672212213 11 12630789
54321672232211 11 12358691
54317621111222 11 9346563
54321673313312 11 17902345
54321761211221 11 7735190
54321673313321 11 18411570
54167231131112 11 7666093
54321763113113 11 10459497
54321673323311 11 18337185
54326171321231 11 7585219
54326171112233 11 7462886
54326171111231 11 10522033
54327612223232 11 8460516
54361272223232 11 8625142
54362171113133 11 8982709
54362711111231 11 7187359
54367121112212 11 10672399
54367121113211 11 8798623
54362711323112 11 8773180
54367121113331 11 12164978
54326711112212 11 9674327
54367122211121 11 9758389
54367122311111 11 8811982
54367123311113 11 8781179
54367211132222 11 11899732
54367211213333 11 14862990
54367211222132 11 12130517
54367212231122 11 12586654
54367212211322 11 14777012
54367212233213 11 12101439
52134761232113 11 8431801
54367212332213 11 12431577
54367211333213 11 12918396
54367213112222 11 14022710
54367212333113 11 13032087
54371261113331 11 9190743
54367213312133 11 13738345
54376121322233 11 8625112
54371621113322 11 7389671
54376211111132 11 8862956
54376211111222 11 8175618
54371621113112 11 10775362
53476121323322 11 9079370
54612372222131 11 9660439
54612371112311 11 13108372
54612732112223 11 9133142
54612733322213 11 9253544
54637211132111 11 7211190
54671232221213 11 9813532
54621371133311 11 8532059
54712361323313 11 9307932
54716321112323 11 9372545
54621372211121 11 9334352
54716232222113 11 9666205
54712362223322 11 9774351
54721631311133 11 8303980
54721632133232 11 8092161
54721632212231 11 7528284
54721631122121 11 8749487
54716322313223 11 7732048
54376211113133 11 9248083
54721633231322 11 8035924
54721633313321 11 8639313
54721633333331 11 7589147
54721631111111 11 29883466
54723612222212 11 9789080
54723612131312 11 11683182
54723613121312 11 10745703
54723613333313 11 10852320
54761233322321 11 8345878
54763212322232 11 7943208
56123471222312 11 11584586
54723612221222 11 9558920
54721632212222 11 8639387
56123472331331 11 10908767
56123473133132 11 12845676
56123471331332 11 14075928
56123471333123 11 12087510
56123472322121 11 11626362
56123473222112 11 11177564
56123471223221 11 10994057
56123473223312 11 11148466
56124371111231 11 7011701
56124371232323 11 9639136
56127433332323 11 8597604
56132472333332 11 8739224
56123473322312 11 11559938
56123473133231 11 10812494
56132473213211 11 8480377
56132473211111 11 8480638
56147231333213 11 11649864
56173421113112 11 7112136
56147231222132 11 18760950
56143273332323 11 10614848
56147232233213 11 12144378
56147232333113 11 12155302
56147322333233 11 10882507
56213471111111 11 9761350
56174321232113 11 11800542
56213743313333 11 11426127
56147232332213 11 12554449
56243173133111 11 10412401
56247132333233 11 8777730
56243713121333 11 10658607
56271433111313 11 11701709
56271433123313 11 11403332
56274132331133 11 9305409
56271433132313 11 11994537
56324171221331 11 7610562
56321742211112 11 11600768
56327411211332 11 7674796
56274312313211 11 13650647
56174232323333 11 9605907
56327413213112 11 7583572
56347211213111 11 7866781
56341273131212 11 9971108
56347122333233 11 9980499
56347211222132 11 8038181
56347211331131 11 7241816
56341273121213 11 11121121
56347212111311 11 9891278
56347212123233 11 9088806
56347213111211 11 9475559
56347213131332 11 8310161
56347212232223 11 8738262
56347211312111 11 7450233
56423171231231 11 6983549
56423171231321 11 8530161
56423171321321 11 7688145
56423172112121 11 8769393
56423173133111 11 8686586
56423173132121 11 7922325
56712341232113 11 7961784
56721343123331 11 9383807
56712343211123 11 8737802
56723411113313 11 8088060
56723411131112 11 7545039
56321473233323 11 7780931
56347212111221 11 13094931
56723411121113 11 8220884
56723411222312 11 7384030
56723413221212 11 7639663
56721432312233 11 10939419
56723413331111 11 7652876
56732143122113 11 10540162
56741231121311 11 7961826
56723413222112 11 7516031
56723412323222 11 7927572
56741231311121 11 7676455
56741231131211 11 10327399
56741231211131 11 10029212
56741232111113 11 8786543
56743212122222 11 9589316
56741233111112 11 8683134
57123461111111 11 9267199
56743212221222 11 11370194
56743213121312 11 10305510
57214361323232 11 7163229
57164322131312 11 8627698
56743213121213 11 11858364
57236141113232 11 7815761
57236141323232 11 11098907
56432713122122 11 9095573
57241631322113 11 6897060
57241631323112 11 6684292
57214632212213 11 15497823
57246131112233 11 8644867
57236141322233 11 7592208
57321642311132 11 8043915
57321641311112 11 8010761
56743213331333 11 11201648
57364212213311 11 10865330
56723412122312 11 7243404
57364212313211 11 9184855
57364213332122 11 7189691
57642311113322 11 8029429
61234572231323 11 8836069
61234573232213 11 7964661
61274532231323 11 8704318
61352472233321 11 7433446
61257343232123 11 7930240
61452731311313 11 10864553
61453721311112 11 7679036
61235741313131 11 13942187
61352472313211 11 14729005
61472532123332 11 8492107
61472533112111 11 7186391
61453721111111 11 9539527
61453723111121 11 7583025
61527431111111 11 9968770
61534721112311 11 8554683
61534721113211 11 8066998
61534272311132 11 9907463
61543271112311 11 8843604
61274351313131 11 10582817
61572432312323 11 8081159
61543271111111 11 10462333
61734523222331 11 10994640
62135471122121 11 8652223
62135472132131 11 7455439
62135473123121 11 9409311
62135473132121 11 8452353
62135473131131 11 8643796
62135473122131 11 7206833
62135473322321 11 8484316
62135743222331 11 8774844
62134572321323 11 10513578
62147353132121 11 6851004
62154733321121 11 7236382
62135743312223 11 14698848
62147353123121 11 8099520
62173543232132 11 7975939
62157342132212 11 10267047
62174533311212 11 10053021
62174351122133 11 11119578
62317453312211 11 11340948
62374511322311 11 6886978
62351743112123 11 13018873
62135473232231 11 7956388
62371453311311 11 9762616
62374513112321 11 8110393
62374513312112 11 6582630
62435172211133 11 11839882
62435711222222 11 7962482
62435172311132 11 12715905
62453713311122 11 10046476
62531472321233 11 8840178
62543711211113 11 8661923
62543711311112 11 7315021
62471532232133 11 8309391
62571432321233 11 10838878
62475131322323 11 8015862
63125743131233 11 7798994
63125743133312 11 8262103
57264132111323 11 9631762
63142571132321 11 12552015
62735143223213 11 9710640
63142571111111 11 9037546
63172452312323 11 7277179
63174522332132 11 7929276
63247511123132 11 7450067
62317453112111 11 7042473
63172452313211 11 14985058
63471522123131 11 9176903
63452712333221 11 8141526
63251743133231 11 11211746
63471522323132 11 10055754
63452711311313 11 8632706
63472512123332 11 9034194
63471522332132 11 8210536
63512743313333 11 11669121
63574212123131 11 7886328
63541271212211 11 13775284
63712542221111 11 8489950
63542713121333 11 12801212
63714252123131 11 9898189
63125741112323 11 14680371
63714522332132 11 7252932
63714521112323 11 9602544
63574212313211 11 12779273
63721541233322 11 8261835
63724153121213 11 11438688
63725142123131 11 12923229
63725141233121 11 9557736
63725143122113 11 10736263
63725142223133 11 11685064
63142573112123 11 12198835
63742511232221 11 9150760
63741252222323 11 8967923
63725143123313 11 15096696
63745123122212 11 7832129
63751242221321 11 10923999
63751423122311 11 9644192
63752142332132 11 7136614
63752141123213 11 7733482
63752143123223 11 7479119
63752143212323 11 7331763
63752141122211 11 9882820
63752143223123 11 8597329
63752411223212 11 7513429
63752141111111 11 11753239
53762143222331 11 9283740
63752411333213 11 12665037
63741522123131 11 9254295
63752412333113 11 12633614
63752412312323 11 9803644
64125371131313 11 12910865
64231572311132 11 9449915
64257131113223 11 8373433
64157321133212 11 17138355
64275131212223 11 10043949
64275131312123 11 9699898
64275132211133 11 11997573
64275132232133 11 11612319
64271533221212 11 8904744
64275133231112 11 10987951
63752412322112 11 7864401
64275311222222 11 7681943
63754213122122 11 8214483
63725141112323 11 14125032
64321572111131 11 9854749
64275311112332 11 8863936
64321572311132 11 9184912
64321572132131 11 8184665
64357212313211 11 9438926
64357213231322 11 11407209
64325713121222 11 16337920
64357213312211 11 10419921
64531272132131 11 7496568
64531271212211 11 13326469
64531273122131 11 7347648
64351272132131 11 8205360
64572131122223 11 8166751
64713253112111 11 7017357
64531273312211 11 7498427
65123471233232 11 6866302
65123471112311 11 7924471
65123472312311 11 8235694
65132471212112 11 8564960
64531273311311 11 8066994
65132471231321 11 9531640
65132471323121 11 9174915
65132471222111 11 8279365
65132472212231 11 12356934
65132473111331 11 9532197
65132472131231 11 7457303
64531273123121 11 9623139
65132473323311 11 7924119
65132473313312 11 7745442
65132741223323 11 7716961
65132472233321 11 9780687
64275313312211 11 8192528
65132743222331 11 9662417
65147321232113 11 11167276
65172431132333 11 9430321
65174232133313 11 8156063
65174232323312 11 9058291
65174232123131 11 8217830
65174233331213 11 8571666
65134721233232 11 8704635
65174233323212 11 9002368
65174323223123 11 8608467
65243712121322 11 12177118
65271341332331 11 8956491
65274131311313 11 7526676
65274131111111 11 10878536
65271432231233 11 9161142
65274131312213 11 8490935
65213741111111 11 9636529
65274133132223 11 8137538
65274133232321 11 7333741
65314272311132 11 7574529
65274132123332 11 8183586
65321472111122 11 9674859
65174322313211 11 8805442
65417321232113 11 7883300
65417323232123 11 7871245
65314272313211 11 12617593
65423713321322 11 8762494
65417323223123 11 7249115
65274133312223 11 7983009
65432173232321 11 8572480
65471231132213 11 10273066
65714323223123 11 8404514
65742311212313 11 7706393
67132541133311 11 13684598
67145323133312 11 8609886
67154233323332 11 12681170
67215343333133 11 10612305
67231541323112 11 10012921
67234513332122 11 7845923
67245131313323 11 8185001
65732411333123 11 16700981
65241371111111 11 9240729
67245311112311 11 12103072
67245311133233 11 9772433
65723143321313 11 7849657
67312452233321 11 8363837
67231543323122 11 10049583
67312541121221 11 8133913
67254313311113 11 8148331
67312542221111 11 10383819
67321451112311 11 8446100
67321452111122 11 8181839
67321451212211 11 13696520
67321453113311 11 9171583
67254311131133 11 13153314
67341252222323 11 9223449
67321451111123 11 7860178
67345122223133 11 12131662
67345122232133 11 11705979
67345211111123 11 7845555
67342512222113 11 9282005
67345211112233 11 8151994
67345211113322 11 7901975
67345211311133 11 8648733
67345212111122 11 7932235
67345211211122 11 8776639
67321542232133 11 8672672
67354211313113 11 13023487
67354211212121 11 8919452
67354211333111 11 12970402
67354121111111 11 9082786
67354212212222 11 8466664
67345213111133 11 9338894
67354212111221 11 9022490
67354212311132 11 8565946
67354213131311 11 9948100
67354213313333 11 8511766
67354213111313 11 10427011
67412353132121 11 9810137
67435121332112 11 7080663
67412531131133 11 9354841
67412353332221 11 7643192
67354213211132 11 8450710
67435123123121 11 7115067
67321451311133 11 8795066
71263542323123 11 12082945
71264533131323 11 12111965
67452313321232 11 10051171
71264533221323 11 11944906
71264533231223 11 13985968
71326453132121 11 7670778
71264533231313 11 12755278
71263541333222 11 11964696
71345262132131 11 8854484
71362453113311 11 9329964
71326543333313 11 11343159
71423563213232 11 8821518
71365423331312 11 10737507
71234563231322 11 9448664
71426353312211 11 8833325
71432561323232 11 6960895
71432561232323 11 8927729
71432562111221 11 8322114
71326451211311 11 7849985
71432563323122 11 8044769
71432563232213 11 8865214
71432563332113 11 7560108
71435261322233 11 10330651
71435262222122 11 9367166
71435263211123 11 10979664
71435263311122 11 10250374
71435263333133 11 10440255
71435263333223 11 10536957
71435623333331 11 10298888
71423653213232 11 8285372
71426533333223 11 9977893
67345211111132 11 8463971
71436253333112 11 11305982
71452363213232 11 8081835
71452632222131 11 10796351
71456321322323 11 8194809
71453623311122 11 11779703
71453262222221 11 8654820
71462531113322 11 10282999
71462532121112 11 9156639
71462533111223 11 11003252
71462533221113 11 9009403
71456322111221 11 8581998
71462532111212 11 8870343
71523463331312 11 11516843
71532463221332 11 8895471
71523463231313 11 12091134
71463523331222 11 9191605
71543622111131 11 7363707
71542633132322 11 8697095
71534262122222 11 11300574
71432563323113 11 7497328
71562433123232 11 8392280
71523463131311 11 11682325
71563243221221 11 9395150
71543623111121 11 8190886
71546233331213 11 11218372
71643523331213 11 11764809
72134562312212 11 10636603
71625433213133 11 15035546
72143651121113 11 8036144
71643252231212 11 11439579
72143651131112 11 8555514
72136541322233 11 7903972
72143651213111 11 7779326
72143651312111 11 7654676
64275133312211 11 9242978
72143563222331 11 7975038
72143652111311 11 7794640
72145633232231 11 7641284
72145631233223 11 7613835
72163452122222 11 11342263
72146352232223 11 9145847
72163453133333 11 9226583
72163453331333 11 11361381
72165431113331 11 7908590
72163453131212 11 10782736
72145633312223 11 12374543
72165432111113 11 8219356
72165432111122 11 10935137
72164353131113 11 11074080
72165432211112 11 8990655
72165433111112 11 7727089
72165433121333 11 8540130
72165432323312 11 7945251
71546322231212 11 11625643
72165433233323 11 8787529
72165433221233 11 8125954
72165433321223 11 7552715
72165433331213 11 8336234
72345611133113 11 7393227
72345611331332 11 7866269
72345612122111 11 8420031
72345611111111 11 10779275
72345613333331 11 8976745
72345613221221 11 7094615
72345612331331 11 6657532
72143653111211 11 7757063
72356141232113 11 7969917
72361453232333 11 7661625
72356141112323 11 8642023
72356143211123 11 7633263
72365412222212 11 8369695
72361542333233 11 13685799
72365413331333 11 8870967
72365413121312 11 11911087
72345611221223 11 6717555
72345611222222 11 7296760
72513641232323 11 7943997
72365413131212 11 8702597
72513641233322 11 9261374
72516342313223 11 8621849
72531463321232 11 9497540
72541631111312 11 9045388
72541631112131 11 8469797
72541632131111 11 7771317
72435163333313 11 12576477
72541631113121 11 8799371
72543162311111 11 7409370
72541631111213 11 8136049
72543611221223 11 10820993
72543611223221 11 11335594
72541633121111 11 9636492
72543611332331 11 11494274
72543611331332 11 12802181
72543612331331 11 10878095
72543613132232 11 13868331
72543613133222 11 11197424
72546311323112 11 7659537
72543613322312 11 13358112
72543613223312 11 12917884
72546313323212 11 8568102
72543163211111 11 8227523
72561342313223 11 11518226
72561432213122 11 13601895
72561433221233 11 12046653
72163453121213 11 9543369
72561433311233 11 15518375
72561433321133 11 12933584
72563411111213 11 8011676
72563411111312 11 7867141
72543613221221 11 11704082
72563411112131 11 10813604
72534163211123 11 9902687
72643513212311 11 8073485
72563411113121 11 8590767
72563412131111 11 7793393
73125463133132 11 8949450
72643513212332 11 7488192
73456123231322 11 8884955
73246153312211 11 7792423
72561433321223 11 12755573
73516243323113 11 7703472
73516243332131 11 8215779
73541262321212 11 10281390
73615241112323 11 13593372
73615241113322 11 11090312
73564213321322 11 9935327
73542613132121 11 7525888
73615242223133 11 10793693
73542613132322 11 7692328
73146522113231 11 7287231
73542163321133 11 10313457
73615243213313 11 10548721
73615243332311 11 10645182
73615421113322 11 7988898
73615423333331 11 8414674
73615423213211 11 10618474
73624513121132 11 13601840
73625141112323 11 10034457
73625143121213 11 8510975
73625143333313 11 8883437
73624513332131 11 12195421
73625412222323 11 8730639
73642511111111 11 11546516
73642511113232 11 9898871
73642511113322 11 9856406
73645122222311 11 9284495
73642513223222 11 10764529
73615243331312 11 10272072
73645121113211 11 9717719
73645211223113 11 7075848
73645211231111 11 9055768
73645211321111 11 7080630
73645213112231 11 7647244
73652413211312 11 9133392
73645211332112 11 7359797
73651241113322 11 8544353
73654122221111 11 7924293
73645213333112 11 8111146
73654122111122 11 11389503
73654211111132 11 9329911
74123563323221 11 7323384
73614251112323 11 10257484
74123652322121 11 11336730
73652413331321 11 10261885
74123653132232 11 14512895
74123653133132 11 11802343
74125631313311 11 7762221
74123653133231 11 10764018
74125632122111 11 7512364
74123653133222 11 11688166
74125632121121 11 8109944
74125633131233 11 7383367
74125633132232 11 6709718
74125632321332 11 7530010
74125633332323 11 8879698
74125632131111 11 7755261
74125633133222 11 7093907
74132561321231 11 9853560
74125633133312 11 9450394
74132562121121 11 9150892
74125633121111 11 9482690
74132563131221 11 10544419
74132563132112 11 8602616
74132562122111 11 8566702
74136522322121 11 10604109
74152363133132 11 10498422
74152363132232 11 10427851
74156322122123 11 7998719
74152363133222 11 11862597
74152363133231 11 10476722
74156322313223 11 8212433
73615243123313 11 10203720
74156323132331 11 7746623
74156323133123 11 7995645
74126352333122 11 10470970
74163253121111 11 8827293
74163251121122 11 8907106
74163252131111 11 8893685
74163253131332 11 7417294
74163253133132 11 7297312
74163253133213 11 7911703
74163253332323 11 8091039
72563413121111 11 7686876
74163253133231 11 7528466
74165231121212 11 13897963
74165231212121 11 13234782
74165232111212 11 13805595
74165231131313 11 13069072
74165232121112 11 13134350
74165232121211 11 13298969
74165233131113 11 13181385
74165231313131 11 13650701
74165233131311 11 13986443
74165233131323 11 13249187
74165233231313 11 14275104
74213652323132 11 7661815
74165233132313 11 14259935
74251633111313 11 10465272
74165233111313 11 14367969
74265312333233 11 8808696
74312652333332 11 8785687
74256311321222 11 14555795
74156322122321 11 8195842
74321563311131 11 9431234
74321653233323 11 9608611
74325612221222 11 8342217
74163252112211 11 8254190
74325163131323 11 10219737
74325613133333 11 8960449
74361253211231 11 7362000
74365211121221 11 8058663
74256313111232 11 16925355
74365211312111 11 7501964
74365211313113 11 8302806
74365211333111 11 8268580
74365212111311 11 7655144
74365212333332 11 7490208
74365213111211 11 8019259
74365213121333 11 7819736
74512362313223 11 7617197
74365212222323 11 7880313
74513263121222 11 15480293
74521632222212 11 10213999
74521633121213 11 11469657
74365211213111 11 7602276
74521633121312 11 10551342
74521633133333 11 11659384
74521633333313 11 10424707
74523611121113 11 8023490
74523611312111 11 7786969
74523611213111 11 8196864
74523612111311 11 8099430
74523611131112 11 8309153
74532163123223 11 9257094
74523613111211 11 7763299
74325613131212 11 8352661
74561231111222 11 8177865
74561232111113 11 8300331
74561232221111 11 9201288
74561233131233 11 8061066
74561233111112 11 8971332
74561233311233 11 8077540
74561233233323 11 9492643
74561233321133 11 7962864
74653213133222 11 9327453
74561233321313 11 9705331
75132463233233 11 9293725
74563211232332 11 7954233
75213642223133 11 8887717
75234161322233 11 7976590
75146321323331 11 10251847
75231463211123 11 12905894
75236143213232 11 7422314
75143263231313 11 11273775
75241632222323 11 9130008
75234162221111 11 10549057
75243613213232 11 7165381
75243611113232 11 8231072
75246131333312 11 10060957
75246313312211 11 8249607
75246313332332 11 8249307
75246311111111 11 19145048
75246313212311 11 8500320
75261432123233 11 9419287
75243162211322 11 15534654
74325613121312 11 10632543
75264132223331 11 7656076
75264132321212 11 10292998
74361253112132 11 10081798
75264133121333 11 8276036
75264133331213 11 8389664
75264311223122 11 8916623
75314621133221 11 6692193
75312463333133 11 10532134
75264313231112 11 10246847
75314623113122 11 7525543
75316241231231 11 10502206
75321461311112 11 8190912
75321463132121 11 7408896
75346122133133 11 9387894
75346211311211 11 7403508
75346212323333 11 9460758
75346213132322 11 7473118
75264132121232 11 9790987
75346213132121 11 7398217
75346211133122 11 7844841
75346213112132 11 7082897
75346213332122 11 7921502
75314621313212 11 14592968
75346211211311 11 9963597
75412631223332 11 6838313
75613243131332 11 10576710
75634123323122 11 8225034
75462132123212 11 13788575
75641323232111 11 7800362
75642132213311 11 7551168
76143252131312 11 8885098
76143253331333 11 8470991
76123453233323 11 8072728
75613243133213 11 8600464
76125343333133 11 10670698
76143252221222 11 9035965
76145231121113 11 7538949
76143253333313 11 11885411
76143253131212 11 9148225
76145231131112 11 8149237
76145231311331 11 7339427
76145231122112 11 13056321
76145232233213 11 9741361
76145233133213 11 8049710
76145232332213 11 10075804
76145232123332 11 7880422
76145232331313 11 7576758
76145233232333 11 7650527
76145231221112 11 13032015
76154323333112 11 9317428
76213543213133 11 9628687
76215341231231 11 8659886
76231451123111 11 8242436
76245311121131 11 8000615
75431263133213 11 10459100
76245311213312 11 7616590
76215433333133 11 10270712
76245313122122 11 7567913
75416323232213 11 9161231
76253141123132 11 7058042
76253141211332 11 6919423
76253413322312 11 9476825
76245311131121 11 7201426
76312453211111 11 8235385
76254133311323 11 15216091
76245313123121 11 7616127
76254313211111 11 13530323
76312453311311 11 9058285
76213543311332 11 9031262
76312542321212 11 8845552
76312542322121 11 8278817
76312452212111 11 14079095
76245312132131 11 7771768
76315241113112 11 7423458
76312543322222 11 10979287
76315241322122 11 7655991
76315241223113 11 7228622
76315241323313 11 8068240
76315241332112 11 7384816
76315243211231 11 7023033
76321452122333 11 12016868
76321452122321 11 12248687
76321452123323 11 13937500
76321452213122 11 12225274
76321453233131 11 12769864
76321452122123 11 12011538
76315241112113 11 8669062
76321453311233 11 14600579
76321452212231 11 11629298
76321453313312 11 13712109
76321453323311 11 13982035
76321543211111 11 7839893
76321453321133 11 12180872
76321542211112 11 11668082
76321543311131 11 8663414
76324151112233 11 8043515
76325411112131 11 7611205
76324151112323 11 9739486
76325411113121 11 8347703
76325411122121 11 8242362
76325411331311 11 8876480
76325411111312 11 10279277
76325412112121 11 10350306
76325412231212 11 8901576
76325413222223 11 8186967
76341251111213 11 8128544
76341251111312 11 10133335
76341251221121 11 8592961
76341251311313 11 8239387
76324153323122 11 7945262
76341251113121 11 8203786
76341252232313 11 8047324
76325412333233 11 8847898
76325411111213 11 8329639
76341252323333 11 8823482
76341251112131 11 8951600
76342511111231 11 6874491
76341253221212 11 9074979
76342511111321 11 8849079
76342513213112 11 10579580
76342511323112 11 7266729
76342513322111 11 11014103
76342513323212 11 8293435
76341253233131 11 7303133
76345122213311 11 7578701
76345122211121 11 9080480
76342512232223 11 8721462
76345122311111 11 9156176
76345123311113 11 8930547
76345123311131 11 8528010
76345123312211 11 7264504
76351421113322 11 7799957
76351421112323 11 10501175
76342513323122 11 7689194
76354121122121 11 8097999
76351423321232 11 8246875
76354121311313 11 8256466
76354121313131 11 9102539
76354122111212 11 10583116
76354121121212 11 9652402
76354123211123 11 9001192
76354122212222 11 8397928
76354123211132 11 7815695
76354122112121 11 8801100
76354123313333 11 9180953
76354212213323 11 8354922
76354212312233 11 8591884
76354212333332 11 8408669
76354213222223 11 8247894
76421351131121 11 6681271
76354212313322 11 9149636
76514321112323 11 8964321
76354213312223 11 7740963
76512343213313 11 13364400
76514321232113 11 8255836
76521433232333 11 7983825
76512343332311 11 13333553
76523413223231 11 8386435
76541232221222 11 8432659
76541233121213 11 8695256
76345123211111 11 7727389
76524313331222 11 10363804
76541233331333 11 9361192
76541232131213 11 13709463
76541233333313 11 10582325
76543211212112 11 9241370
76543211223221 11 7491492
76543211333333 11 8278845
76543212132323 11 8257953
76543211332331 11 7481018
76543212222221 11 7921946
76543213113131 11 8195899
76543211111111 11 18028497
76543212323213 11 8145351
76345122211112 11 11328577
76315243323323 11 8451624
74512361322233 11 10190932
