12345673132313 11 15297664
12345673231313 11 14866270
12345672121232 11 13299930
12346571111231 11 6640379
12345673131323 11 12926954
12346751113133 11 9251473
12347561112212 11 8465878
12345761111111 11 8990985
12347651122112 11 8693719
12347651133311 11 7927415
12347651111111 11 14078354
12347652111221 11 7139834
12347652123233 11 8452316
12347652123332 11 10415957
12347652223232 11 7882319
12347653111133 11 8421605
12347653132223 11 7195206
12347653132322 11 7030953
12345672123212 11 12749217
12347653332323 11 7923145
12354761112323 11 13122694
12354671111111 11 9924123
12354762121112 11 9340302
12354762121211 11 10150170
12354763131131 11 8493585
12354763133111 11 7718945
12354763211123 11 9043640
12356471113133 11 8164399
12356741313131 11 11506785
12356741133131 11 11046522
12356743113131 11 11568741
12357461111222 11 8953221
12357461113331 11 8615729
12357462211112 11 8876100
12357641113331 11 8361587
12364571112212 11 9322193
12364751112212 11 7987893
12364751113133 11 8400039
12364753311131 11 8065039
12365471211122 11 8391957
12365471313113 11 6945295
12365471111111 11 9921363
12345672321212 11 13385809
12365472223232 11 7775086
12365473232312 11 7062278
12365472321233 11 8978972
12365473332323 11 7090389
12365741113331 11 8444836
12367451132222 11 11316799
12367451213333 11 12044992
12367451123333 11 12427964
12367451312222 11 14741062
12367452113333 11 13328153
12367453112222 11 12005832
12367541112212 11 10445348
12367541331131 11 7664195
12367541113331 11 11971767
12374561211212 11 11349171
12374561121212 11 11533653
12374651111222 11 9355054
12374562111212 11 13482765
12375461111222 11 9047791
12375641113112 11 8542705
12376451221211 11 7841391
12376451113133 11 9097454
12376541232233 11 11223166
12376541112323 11 9489972
12376541322233 11 7777471
12376542121232 11 8660061
12376542123212 11 7986859
12376543133132 11 6970175
12376543133231 11 6930592
12456731233223 11 7509254
12456733223321 11 7559720
12456731132321 11 12650665
12463751231231 11 7970708
12467351131121 11 7994665
12467351231321 11 6924632
12473561132123 11 7610242
12536741112323 11 8210785
12537461332112 11 7621311
12354762311123 11 7624165
12543671111111 11 10203487
12543671331113 11 7278873
12543671211212 11 7933607
12543672121121 11 7432242
12543672322232 11 7445712
12543672321332 11 7679646
12543673111331 11 7252553
12543672331232 11 7056652
12543673221323 11 7600433
12543673231223 11 7275818
12543673233323 11 9241956
12546371221331 11 7567381
12563472131213 11 9422793
12564733323122 11 7241819
12563473131212 11 8830718
12567433232333 11 7539412
12576343212221 11 9277732
12637451332112 11 6688713
12643571321321 11 7348480
12637451132111 11 8915818
12645371131121 11 8258470
12673542331133 11 10186039
12734561112323 11 8165348
12734561322233 11 7188836
12376451111222 11 9526075
12734562313223 11 6891139
12745632111122 11 7933693
12745632232211 11 9042075
12745632222221 11 7601577
12745631111111 11 24127135
12745633131131 11 8470256
12745633313312 11 7413074
12745633323311 11 7509836
12745633313333 11 7909000
12753462231323 11 8465418
12765432121313 11 8590039
12745632212213 11 9356194
12765433121213 11 9745789
12765432222212 11 12995778
12765433331333 11 8904571
12763452322232 11 7646466
13245671321111 11 8611663
13246571111111 11 10913487
13246571112233 11 7328396
13246572331232 11 7777202
13246573221233 11 8037722
13246573321223 11 8193768
13246752133211 11 9984444
13247563212131 11 8900512
13254761322233 11 8478780
13254761323322 11 7279916
13246571113232 11 11362809
13254763323122 11 8613381
13257641112233 11 7400403
13265741112323 11 12246362
13265742131312 11 10453274
13267451122211 11 9095939
13267451311133 11 7626538
13267541111132 11 9690334
13267541232212 11 8839042
13246572321332 11 8605667
13275461112233 11 8145694
13275463213211 11 8053538
13274651112323 11 10812980
13275641112233 11 9831977
13275641112323 11 12250007
13275642131333 11 9274163
13275643212221 11 9928954
13276451113211 11 10679381
13276451233133 11 10625018
13276541133122 11 7898055
13276541213312 11 10610057
13276541321123 11 7922163
13276541322311 11 10198929
13276541323322 11 6952745
13276542323312 11 7939547
13276543323122 11 7672586
13462572213311 11 7128657
13462571111111 11 8583046
13527461211113 11 8500803
13542671231231 11 6787716
13546271213213 11 7596605
13546271321321 11 8408378
13572641122133 11 10814174
13546271231231 11 9782306
13576241312213 11 10537346
13276541323112 11 6663538
13627451332112 11 7531624
13576241321321 11 8442020
13642571223221 11 9975686
13642573221221 11 11308284
13645271221331 11 7036461
13647521111111 11 8274334
13675241112323 11 9042693
13675242331313 11 8126520
13725642332132 11 8362972
13762451321321 11 7041347
13764251211311 11 6484000
13754262123323 11 16092360
13764252323231 11 7505456
14263751131121 11 7571780
14267351321321 11 7644930
13765422121211 11 10039156
14275633323122 11 8163028
14325672112121 11 7424359
14325672231323 11 7686436
13642571221223 11 9994042
14325672323222 11 7498742
14325673123232 11 7662869
14325671111111 11 28015253
14325673311131 11 8727494
14325673232333 11 7200691
14327652131213 11 8346510
14352672212111 11 7993205
14356721112323 11 8327952
14356721322233 11 9722302
14367252322232 11 7697013
14327653121213 11 8874706
14523672121313 11 8576565
14523673121312 11 10347714
14527631121311 11 7967109
14367523311113 11 13515878
14527631131211 11 7674604
14527631211131 11 8386345
14527631133311 11 7416693
14527631311121 11 8271506
14527632122213 11 8353035
14527632212111 11 8485781
14527633132322 11 7744658
14527633312133 11 7984629
14536273311311 11 8920096
14537622231323 11 7875027
14563272323222 11 7270933
14567231312213 11 10554872
14567231321123 11 9003771
14625731111111 11 10776013
14573261333111 11 8599094
14625731131121 11 8537839
14625731322233 11 7696574
14625732112121 11 8086996
14625732113321 11 9024065
14625732233111 11 8378054
14625732213323 11 7615554
14625733133111 11 7541036
14632571321132 11 7768858
14632571111111 11 13180837
14652733321331 11 8378814
14673251111111 11 10513120
14723651111213 11 7607679
14723651111312 11 9672864
14723651112131 11 7667684
14723651113121 11 7349983
14723651211212 11 6994532
14723652322121 11 6516605
14723652331232 11 8043819
14723653313111 11 7582181
14723653321313 11 9273745
14725361111111 11 8715714
14723653232222 11 7306849
14725361111123 11 7576188
14725361322332 11 8131269
14725362211121 11 9419895
14725363211213 11 7355979
14725363213121 11 7130575
14725363223213 11 7494033
14726531223122 11 8350178
14726531232122 11 8367457
14726531233313 11 7451475
14726531333312 11 6930640
14725363311113 11 9595793
14726532232313 11 8619362
14726533323122 11 7283450
14735621221112 11 7522448
14735621223113 11 6937177
14735621223332 11 10986738
14735621233112 11 9245134
14735621323112 11 8799783
14735621332112 11 6813474
14735621333111 11 7276020
14735621333222 11 6815289
14736251112332 11 7496573
14736251111132 11 8145059
14736253222223 11 7595475
14736521132222 11 8225568
14736521133131 11 8115713
14736521211212 11 7781393
14736521213333 11 7960227
14736521221313 11 8232241
14736521322233 11 7434970
14736521321231 11 11150756
14736521332121 11 9359473
14736523112222 11 8270284
14736523113131 11 7799811
14752363222121 11 7164182
14752363232222 11 9228218
14752363233131 11 8208877
14752631111111 11 10207373
14752631112311 11 8454610
14752631323223 11 7494644
14752632332132 11 7239344
14752633213223 11 7374467
14752633223123 11 7611051
14752633222223 11 7868954
14752633223231 11 8261240
14753261221112 11 7455396
14753261323112 11 9247500
14753261333111 11 7470943
13254762321233 11 10077111
14762351321231 11 9196971
14762351221331 11 8562479
14762351331221 11 7018213
14763251222312 11 12194188
14763251332331 11 11507807
14763252322121 11 10544447
14763251333123 11 10873481
14763251221223 11 13127249
14763253132232 11 10357167
14763253133132 11 10348838
14763253133222 11 11217687
14763253133231 11 10854029
14763253221221 11 10437461
14763253222112 11 11972222
14763521113211 11 8275612
14763521113223 11 7564445
14763523222331 11 6377458
14765231111312 11 8548074
14765231111213 11 8196757
14765231113121 11 7305663
14765231112131 11 7986983
14765231133131 11 7377204
14765232211211 11 7530923
14765232232322 11 7468683
14765232331313 11 7479837
14765233113131 11 7053745
14765233323332 11 7531962
15236473231121 11 6739610
15236471111111 11 9689359
15243671331221 11 7559133
15246371331332 11 10391968
15246371332331 11 10055279
15246372331331 11 9934092
15267431223113 11 7586114
15273641112323 11 9447862
15342671211311 11 6482004
15324673113311 11 12984310
15346271321321 11 6937262
15367421211113 11 9217581
15367421223113 11 6868295
15367423211123 11 7977140
15426371111111 11 8587756
15426371112233 11 7555596
15463271313113 11 8398133
15624732123212 11 10257704
14527632333332 11 9984113
15627431223113 11 6864649
15624732333332 11 8024496
15627431332112 11 6998530
15634722123332 11 10903415
15634722321233 11 7910605
15627431322113 11 9416837
15624732133313 11 8545043
15642372213311 11 7782093
15642372231332 11 8016466
15642371111111 11 18183664
15642372331322 11 7465301
15637423211123 11 8893209
15642373221323 11 8091733
15642373231223 11 9154409
15643273223111 11 6925704
15643271331221 11 7812264
15643271221331 11 7361125
15647233213232 11 6908221
15672341113232 11 8938887
15672341323112 11 7084519
15672342323312 11 8155447
15672343213232 11 6918194
15672433312133 11 9762273
15724631111111 11 8882789
15724631211311 11 7213826
15724631322233 11 8149989
15724632123233 11 10201583
15724632313223 11 7540739
15724632323231 11 8368062
15724632323333 11 8314860
15642373212311 11 7631209
15734622331223 11 8341048
15746321323211 11 6677008
15746321111111 11 11183336
15746322313112 11 6271103
15762342122213 11 11608193
15763241111111 11 9937639
15763242323132 11 7101125
16243571132132 11 7069939
15724633132322 11 6990305
16243571321321 11 7307942
15724362212132 11 9430088
16245371231231 11 7898698
16257431132111 11 8054689
16243571231231 11 7624482
16257433223123 11 6824042
16273541321321 11 10196427
16275341312213 11 9634012
16275343122221 11 7882436
16327453232333 11 7408879
16342571331221 11 7814951
16273541122133 11 11552015
16345271133131 11 7630154
16345271222111 11 8328294
16345271111111 11 16967737
16345272322232 11 8046735
16345273233323 11 9583023
16347252131312 11 10798039
16345273122323 11 8934106
16347253121312 11 10217283
16357421223113 11 7880392
16254733312223 11 13674149
16374521112323 11 8368858
16374523211123 11 7444333
16345272333212 11 7326859
16423572112121 11 8856408
16427531231321 11 7845651
16427531211311 11 7109755
16453271111111 11 10752736
16453272111131 11 7250629
16475233132313 11 10675960
16523473332323 11 7358503
16453271211113 11 7170058
16524731112212 11 9952635
16523741112212 11 8610581
16524731112233 11 8548646
16524731113133 11 8463123
16527341111111 11 8421707
16527431123333 11 12437433
16527431312222 11 14028330
16527431222132 11 12922166
16527431333213 11 11096633
16527432113333 11 11268020
16527432211322 11 13004092
16527432231122 11 11690310
16527432231332 11 11151283
16527432331322 11 11916201
16527432333113 11 11600072
16427532333233 11 12931415
16532471111222 11 9540361
16534271111111 11 9451422
16534271111132 11 7041975
16534273211111 11 8849367
16534723211123 11 11563915
16537421111222 11 7800873
16537421113322 11 7868513
16537421223113 11 6864744
16537421113331 11 8286243
16537421332112 11 6954790
16537421233112 11 9661321
16542371331221 11 7250172
16542372112331 11 10102359
16542371221331 11 6542105
16543271221223 11 13780932
16543271331332 11 11121251
16543272331331 11 10396871
16543271332331 11 11230935
16543273221221 11 11087759
16543721111111 11 8628233
16547233332323 11 8125220
16527433312133 11 11386659
16547321113331 11 10162162
16543721113211 11 7061131
16572433213223 11 7008229
16543271223221 11 10260008
16573241312312 11 7371100
16573241123123 11 8191512
16723451122133 11 8679508
16723451322311 11 7678960
16725431121311 11 7356288
16725431131211 11 7592391
16574231113133 11 8652245
16572431111111 11 9763194
16725431211131 11 9417810
16725431311121 11 7120262
16725432211121 11 8431183
16725431211122 11 7660837
16725432232223 11 7403238
16725433122212 11 7161673
16725433333232 11 6812623
16743252323222 11 7471515
16735242122213 11 10230444
16742352232313 11 9125716
16725433113311 11 7585785
16745232121313 11 8739281
16745232122222 11 8123841
16745233333313 11 11633906
16753241221112 11 8858467
17246351111111 11 8393194
17324561211323 11 8802407
17324561232332 11 6413612
17265433111313 11 12727666
17356241212313 11 6523801
17326452212111 11 13534464
17356242211331 11 10338611
17362451231321 11 7199738
17362451211311 11 6406398
17364251231231 11 8576975
16745233121213 11 8025325
17423653213232 11 7278609
17362452213311 11 11074178
17425631223113 11 7014814
17425631313113 11 7615487
17425631322113 11 8956345
17425631322332 11 10527859
17425631323112 11 9060505
17425631323223 11 7374812
17425631332112 11 7192084
17426531112233 11 7818409
17426531121212 11 8812770
17425631122112 11 7826398
17426531223221 11 6911113
17426531213123 11 9394045
17426531232233 11 10989778
17426531313131 11 8844922
17426531331332 11 7249692
17426532121211 11 8045028
17426532331331 11 7956481
17436521323232 11 6936185
17435622211133 11 10540129
17452363213232 11 6989308
17452363322132 11 7042911
17453262211133 11 8021716
17435623211123 11 11361341
17463251122112 11 7727907
17462352213311 11 8338512
17463251221331 11 6509903
17452633213232 11 9017146
17463251313113 11 7503407
17463251321231 11 8103074
17463251323112 11 9243050
17463251331221 11 6914806
17526431231321 11 8186998
17526432123233 11 10839782
17543261111111 11 11077997
17543261132111 11 7040826
17642531111111 11 8366868
17642531112233 11 10022570
17642533312211 11 7134130
17643251122112 11 8443814
21345671111111 11 10423216
17526431131121 11 7771157
21345762223322 11 12428542
21345762312323 11 9819377
21345762313223 11 8827920
21345763332233 11 9472974
21346752313322 11 10578052
21347562312323 11 13229026
21354671131313 11 9522456
21354671122112 11 7723107
21354671221112 11 7855470
21354672311123 11 8705075
17426531132312 11 8622277
21354672311132 11 9548058
21354673131113 11 9473672
21354761112311 11 7534583
21354761112233 11 8073658
21354761113322 11 7650227
21354672313211 11 27039337
21354761122211 11 10038192
21354761133311 11 8423428
21354763312211 11 7527651
21354762213311 11 7047871
21357462311111 11 10416509
21357463213331 11 9632025
21357642221132 11 10052930
21364752311111 11 9015727
21364753212212 11 8485686
21354761113211 11 8358451
21365742221312 11 7367666
21365742312323 11 8918157
21367451311331 11 7646333
21367452112112 11 7509550
21374653333121 11 8351663
21375462312233 11 8200702
21375463333211 11 8887802
21376541112311 11 7744252
21376541111123 11 8019056
21376541122211 11 10533757
21457631321123 11 10933861
21473563331312 11 9760488
21536742222131 11 9618769
21376541131133 11 8203207
21654372233321 11 7736699
21654373332122 11 7610251
21734652123131 11 7434744
21654373332221 11 7556330
23147651112323 11 8881143
23147562123131 11 10756006
23147652312323 11 7731717
23156471333132 11 7041906
23156471222132 11 8312668
23156473323332 11 7820486
23157461231333 11 8810423
21654372231323 11 8476526
23164573213133 11 8803821
23157462131123 11 10993008
23164753333313 11 8192662
23165471111111 11 8917099
23165471311133 11 8047792
23165471312132 11 7484088
23165472111122 11 8401033
23165472111332 11 7183051
23165472132332 11 8260003
23165472311111 11 7690931
23165473233221 11 9102186
23165741112323 11 11166732
23165741231312 11 10139877
23165742123131 11 10069830
23165742131321 11 12397214
23165742131333 11 14502469
23165742312323 11 10034734
23167541233322 11 8441431
23165743331312 11 14541546
23167542131222 11 8351519
23174652123131 11 8745734
23175463211222 11 9114265
23176453332233 11 8938841
23176452132221 11 8393568
23417563232123 11 7470344
23416752121211 11 11297037
23456173212332 11 6494918
23456173233122 11 8298253
23456713212332 11 6752253
23576412233321 11 7547327
23475162121112 11 10576116
23657142121112 11 11466397
23517462131333 11 11381120
23576412312323 11 7245212
23674153232321 11 6836168
23671452122333 11 15770390
23751461132123 11 6530180
23751463112321 11 6602975
23756411222312 11 10159748
23756413222112 11 10621302
23756413223312 11 10184794
23756413322312 11 10665264
24153672321233 11 8368499
24157361313212 11 7636440
24157362323111 11 7525487
24173652323231 11 6971128
23756143222331 11 8232994
24167353132232 11 11033668
24315761122322 11 9183051
24315762213323 11 8387180
24315673311311 11 13215346
24351671212211 11 10523296
24351673111133 11 10712629
24351673311311 11 12398702
24351761111123 11 12676906
24351761212232 11 8939352
24367511323112 11 9364020
24367513111121 11 7005455
24376512222122 11 11475614
24531673123121 11 9559381
24516732233111 11 8556376
24536713231232 11 8508862
24537613231322 11 11078680
24561372111131 11 8354390
24563712121232 11 10686270
24563711121212 11 10602085
24563713121222 11 13698680
24571631121212 11 9856925
24571362221213 11 9878486
24615371112332 11 7920581
24615372213311 11 15010165
24615732111323 11 12594234
24615731122313 11 10415351
24615731132333 11 14272244
24615732213311 11 8594326
24615732233321 11 10215360
24615733311122 11 8965129
24637512311132 11 10698201
24615733113323 11 14682261
24617532233321 11 11412161
24651731113223 11 8343614
24651731333333 11 7513697
24715631111111 11 9522627
24715363311332 11 8990652
24715631122121 11 9434595
24715632313223 11 6888034
24715633112111 11 6777867
24715633131131 11 9193470
24731561111111 11 13294352
24731562311231 11 7727369
24736512222332 11 11099831
24716532323231 11 10661766
24751362321113 11 16549523
24751362221231 11 13732493
24761531221223 11 10730270
24763151111111 11 8886753
24765313222112 11 9038336
25134672312323 11 7187638
25134672233321 11 7483414
25134672313211 11 9647471
25137461111111 11 9699057
25163741112323 11 8817354
25137461211323 11 6664643
25314673111313 11 17934534
25314673111331 11 17124993
25314673131311 11 17715756
25341673113311 11 14832943
25341762313223 11 12533687
25364173223231 11 6473263
25367411211122 11 9157809
25364172311231 11 13687710
25436711311313 11 8097055
25413672323111 11 13782796
25436712123122 11 7532132
25413763121222 11 9564993
25436712123332 11 8346050
25436712132122 11 8248620
25436713232321 11 8091690
25436712323231 11 7523879
25436713332122 11 7671356
23164752131312 11 8417773
25471362323132 11 8021940
25471631312213 11 12062465
25463713212332 11 8481231
25631741212121 11 14780247
25641371213132 11 8993819
25714632123131 11 9612007
25714632223331 11 8522096
25634713321232 11 9322462
25716431212223 11 8962119
25716433223213 11 8452173
25714632313211 11 23860548
25714633121333 11 9317168
25731642232211 11 14875759
25734162221111 11 8446531
25734613113323 11 11438049
25736141111123 11 10156604
25736141233232 11 9616515
25736411231321 11 8289808
25736411321312 11 7062270
25736411331113 11 8771903
25736413123112 11 7360710
25741361232113 11 10182602
25736411133113 11 9181844
25741632222323 11 8596086
25741632312323 11 7751208
25763142223133 11 9761849
25763411332322 11 7408694
26135742132221 11 9259097
26135742213323 11 8540988
26135742332312 11 8824800
26153471122121 11 8693984
26153473131131 11 7891941
26153473132121 11 7694247
25743611233232 11 8010488
26345711223113 11 6387835
26317451212211 11 13704899
26154372332213 11 17086506
26371453112111 11 7524561
26175432331133 11 9429259
26415732121223 11 7378428
26415731322323 11 7410626
26415732233321 11 9147783
26435712311132 11 9535924
26435712222122 11 13508723
26435712233321 11 9984992
26435713311122 11 9410726
26435712322322 11 12571177
26435713333133 11 11442510
26453172211133 11 9300324
26453711333333 11 8369388
26513471122121 11 8869825
26437512122312 11 8405410
26517343333313 11 10789455
26534713333313 11 11596091
26543171111111 11 8795976
26543171123111 11 7121878
26547313131323 11 11562167
26573413331312 11 9544531
26714532121133 11 10000538
26715433231322 11 8533568
26741351232113 11 7404320
26743512121232 11 11551112
26714531212133 11 9253984
27154632311132 11 7715695
27314652313211 11 9398476
27134561131133 11 8573519
27365412321212 11 11153924
27415632323231 11 9231906
27415363131113 11 10794050
27416532133232 11 7688655
27415633321322 11 11389195
27416533321232 11 9339657
27435612122222 11 8296461
27453161132111 11 8041274
27453161123111 11 6853431
27516341111111 11 8459147
27534161111111 11 8415113
27534161111123 11 11160320
27534162311111 11 7777787
27534612311132 11 9103115
27536412332312 11 8403338
27543611111132 11 7017898
27543611111123 11 9876014
24715631122133 11 7602679
27613543333133 11 10815286
27614353311332 11 9388962
27546312231122 11 14785564
27615432113321 11 10832811
27615433313213 11 7528528
27634511131133 11 8453553
27634512233321 11 7911199
27615431312333 11 10235476
31246753312211 11 10446958
31247651113232 11 7521568
27643513311233 11 12245913
31247651323232 11 8878451
31256471231222 11 8404904
31257462222221 11 10027518
31257462312311 11 8299851
31264572122213 11 8595769
31264573132313 11 8274085
31264573222223 11 8492260
31264752132122 11 8535029
31264752313121 11 9092857
31265471111111 11 10834720
31265471122112 11 7597579
31265471122133 11 8698516
31265471312213 11 7729131
31265471313113 11 7173962
31257643311122 11 8723045
31265471321111 11 6760292
31265472312233 11 7728836
31265472233321 11 10840255
31265741233331 11 10667290
31267542313133 11 10830331
31267542222233 11 9985619
31275461112233 11 10997441
31275462133211 11 9270860
31275462223211 11 9312699
31275462311213 11 9768992
31275462312212 11 9865518
31275463311122 11 10610388
31276452133322 11 7650641
31276452313313 11 8998374
31452671323211 11 6366977
31452671332232 11 6750845
31452672322331 11 6781703
31456722111221 11 8519436
31462751111111 11 9144316
31462751113322 11 7844497
31475261322233 11 8194558
31475262331313 11 9810583
31475262333221 11 8155545
31527643332122 11 6825683
31524673332122 11 11552549
31564272213311 11 7581627
31564272212111 11 13075059
31564273113311 11 8284030
31572461122133 11 8448973
31624751112233 11 7190532
31624753312211 11 7050427
31627452221333 11 10852616
31654272313322 11 11912017
31754621331122 11 10483802
31765242322121 11 10220411
32145671123333 11 8287861
32145671111111 11 14393595
32145671132222 11 7767412
32145671221112 11 8330394
32145671333333 11 8266849
32145672212222 11 7897852
32145673112222 11 7043424
32145672113333 11 7791990
32145673311113 11 8051625
27456133132223 11 8727637
32146752232223 11 9835423
32146751232323 11 7996315
32147562333233 11 12630812
32147651123333 11 12293673
32147562313223 11 7048971
32147651132222 11 11201154
32147651213333 11 12662484
32147651312222 11 11667905
32147652231332 11 11001578
32147652113333 11 11357136
32147652233213 11 14517103
32147652331322 11 11936020
32147653112222 11 11430745
32156471111111 11 9212588
32147652332213 11 14046620
32156471113211 11 7312275
32156471232332 11 6732708
32156472312332 11 7107507
32156472332132 11 6998619
32156472332321 11 7697737
32156472333332 11 7964694
32156473223123 11 6529679
32156742311123 11 7194991
32156741112323 11 13362826
32156742313223 11 8526232
32157641232323 11 8039924
32156742333131 11 7220405
32157642231323 11 8105810
32164571111111 11 10033046
32164571111231 11 6969386
32164571232323 11 7172030
32164572232223 11 8548270
32164572232313 11 8532127
32164572233321 11 8321223
32164572312323 11 8029924
32164573323212 11 7597578
32165741111132 11 7744152
32165741111111 11 12036126
32165741233223 11 7439341
32165742331112 11 7172038
32165743311131 11 7599634
31275461322233 11 11103106
32167451213333 11 8013318
32167451222222 11 7701666
32167451312222 11 7652298
32167451333111 11 7397319
32167451111111 11 10082446
32167453222313 11 6824593
32167453313333 11 7902280
32167453321232 11 7786985
32174561232113 11 10177676
32174561112323 11 9764950
32174561232233 11 8989965
32174562231212 11 8153150
32174652312332 11 6980986
32174652332132 11 7120960
32165742211112 11 9756458
32175461113112 11 7141485
32175461111111 11 10339835
32175461221112 11 7386248
32175461333111 11 7623168
32175462312323 11 10698183
32416753121222 11 12602246
32417652132131 11 7447639
32417562113321 11 12062909
32175462233111 11 8050792
32417653132121 11 6471009
32451762331121 11 6598114
32456173212332 11 8448171
32465172112121 11 8182076
32465172132131 11 6698048
32456711233133 11 15993522
32465172133121 11 7014064
32465172332321 11 7851656
32465173132121 11 7571782
32465173123121 11 7355490
32465173233221 11 8767136
32475161232323 11 8935520
32476513232231 11 7780372
32475163331222 11 9176885
32517463131311 11 12612587
32546713323212 11 8507205
32547611121113 11 7908309
32547611131112 11 7342576
32167452211121 11 7917528
32547611213111 11 7508627
32547612111311 11 7644221
32547613111211 11 7505552
32561471113133 11 8631893
32561471121311 11 7741666
32561471122211 11 8372553
32561471131211 11 7813813
32561471211131 11 9902465
32561471311121 11 7922181
32561472133313 11 7514932
32561472213122 11 7483742
32465173133111 11 8194982
32561473323212 11 7182586
32567412122222 11 8239533
32567412131312 11 10200449
32567413131212 11 8094431
32567412222212 11 12533099
32567413133333 11 9915737
32576142313223 11 8092069
32615473332122 11 8337432
32561473222223 11 7085630
32647152133121 11 9497855
32647512333233 11 13218832
32657143121213 11 9941735
32657412111212 11 9774432
32647153132121 11 6517635
32671453123313 11 10228126
32674152113333 11 11819543
32716452123212 11 11276737
32741651121311 11 10347075
32741651131211 11 8179822
32714652332132 11 7532232
32741651211131 11 7615423
32741651311121 11 7916752
32741652111113 11 8343850
32741653111112 11 8334885
32745611223332 11 7265221
32745612313322 11 8470752
32745612322331 11 7083026
32756141233121 11 8951004
32751643321232 11 8759631
32761452121313 11 8322559
32761452122222 11 8844620
32754163211123 11 7546306
32761453121312 11 11603417
32761453133333 11 8475521
32765411112221 11 8231637
32765411133113 11 7784354
32765411131112 11 7122640
32765411121113 11 7466119
32765411331113 11 7776990
32765412221312 11 7399031
32765412323222 11 7693758
32761452222212 11 8289910
32765413122212 11 7064296
32765413223312 11 7010097
32765413231223 11 8339906
32765413322312 11 6927328
34125672131312 11 8856849
34125672221222 11 8301799
34125672131213 11 7963343
34127651121113 11 7438557
34127651131112 11 7349024
34127651213111 11 7552201
34127651312111 11 7887658
34127652111311 11 7412190
34127653111211 11 7471593
34165271112212 11 9086238
34165271121311 11 8404885
34162752132212 11 15160213
34165271131211 11 7872179
34165271211131 11 9669408
34125673133333 11 9100554
34165271311121 11 7387180
34165271311133 11 8130744
34165272323333 11 7581180
34165273133312 11 9499168
34165273222322 11 6799032
34167252213323 11 8664577
34172562132332 11 8558021
34172562313331 11 9165527
34175263321232 11 8806700
34261572132131 11 6649930
34216572213122 11 11833153
34261572133121 11 6982583
34261573123121 11 7134647
34265712212132 11 11094278
34275161312213 11 8323415
34275162112322 11 8006574
34275162213221 11 8801541
34516271111111 11 8631220
34516272312332 11 9413899
34516722313223 11 10558578
34517622231323 11 8832442
34521672223232 11 8177349
34526713232312 11 7535716
34527612211322 11 12388692
34527612231122 11 12060161
34527612231332 11 13219858
34527612331322 11 12048123
34527613312133 11 12275824
34561272122123 11 11469815
34561272122321 11 11972327
34561272212213 11 14559713
32547611312111 11 7862604
34561272213122 11 11906130
34561272232211 11 14069680
34561273221233 11 11367629
34561273233131 11 11258576
34561273311233 11 11804756
34561273313321 11 13463537
34561273321223 11 11534206
34561721111111 11 9348834
34561273321133 11 12274781
34562171321111 11 7521695
34562171321231 11 7346360
34562172232313 11 9714121
34165273311131 11 7469419
34617252123212 11 10332287
34617252111212 11 10431023
34567212223232 11 9527281
34617522221333 11 9825903
34621572132131 11 7777137
34625172111212 11 11172957
34651271123111 11 7687035
34651272332132 11 7333205
34627512232313 11 7873368
34675212222122 11 11408572
34715262221123 11 11202741
34716522223211 11 9977454
34721652121313 11 10703227
34721652221222 11 10839806
34721652222212 11 10191206
34721653333313 11 9572853
34721652131213 11 9701431
34725611212211 11 8502391
34725612111113 11 7321722
34725612121322 11 8469305
34725612231212 11 8489690
34725612231332 11 7438168
34725612331322 11 7849066
34725613111112 11 8046998
34725613111133 11 7813717
34725613132223 11 7853877
34725613311113 11 7834553
34725612322232 11 7949533
34761252323222 11 7410836
35126741232212 11 9377019
35126742231233 11 9345001
35127462331331 11 9832821
35162472122231 11 7469466
35162473122221 11 7343697
35162472123233 11 9554580
35162473323131 11 7477543
35162473332122 11 8301943
35162473332131 11 7402542
35162742213323 11 9624835
35172461232323 11 8926756
35174262213131 11 11204994
35174262231113 11 9864037
35246171111111 11 8360449
35246171113322 11 7250096
35246172213311 11 8076751
35267141223233 11 6834704
35271461322233 11 7404287
35267141321132 11 14278198
35416723232213 11 9998978
35167242132212 11 9400981
35416721113112 11 7393463
35417622223133 11 10817639
35426712311312 11 7334814
35426713111313 11 8793864
35426713131113 11 7968066
35426712131132 11 8286050
35426713312211 11 8396972
35461271111231 11 8610424
35461271321231 11 7337071
35461272222323 11 7621593
35462171131313 11 8158043
35462171212121 11 8542394
35462171332331 11 7863383
35462172213311 11 8403557
35462172223331 11 7669079
35462171221223 11 7017785
35462172312131 11 7434777
35462173123211 11 7806752
35462173131311 11 8718289
35462173221221 11 8380830
35472163222313 11 7641428
35462712322322 11 9349981
35476122221111 11 8678649
35472163231322 11 8469651
35617423131332 11 8243868
35614722321233 11 9057054
35624712121232 11 11694508
35624712321332 11 11438501
35624712331232 11 11531082
35624712321212 11 13614052
35714623111322 11 9977151
35762142222113 11 9224589
36125471111333 11 7939337
35721642221213 11 15332815
36125471213111 11 7258287
36125471212112 11 11223570
36125471312111 11 7631578
36125471222111 11 11423573
36125472111311 11 7228425
36125472121223 11 6929185
36125473111211 11 7772095
36125473232222 11 8498050
36125473323233 11 8220674
36127451333222 11 7114878
36125743222331 11 13179681
36145272122222 11 9664881
36145272131312 11 8591575
36145272131213 11 12565405
36147251121311 11 8170786
36147251131211 11 8560167
36147251211131 11 8906463
36147251311121 11 7455981
36145273333313 11 9893306
36147253111112 11 7995130
36152741231312 11 10542882
36152742131321 11 9304947
36172452133133 11 11150758
36217452131333 11 10816124
36217541223311 11 6378893
36217543213112 11 6719010
36241573212332 11 7017580
36241753212311 11 8158008
36147252111113 11 9524179
36417522123311 11 9023458
36415272123212 11 10040348
36514272212111 11 12525437
36521472113321 11 8816051
36521472331121 11 7415582
36527411131133 11 7494462
36527412111113 11 7383684
36527412131222 11 8669410
36527412211322 11 8747292
36527412231122 11 7679534
36527412322232 11 7802885
36527413111112 11 7790608
36527413311311 11 7299139
36541272323222 11 7331882
36542712121322 11 11332861
36547212121313 11 9566924
36547212122222 11 10140442
36547212131312 11 10189195
36527412221312 11 7598472
36547212221222 11 9663965
36547213331333 11 8710101
36712542121112 11 11784612
36712542121121 11 11032813
36714252232223 11 7616467
36712542122111 11 11632384
36712542121211 11 12991704
36714521232113 11 10516644
36714522121322 11 10450823
36714522122213 11 8469245
36714523132322 11 8447719
36721451131331 11 7431792
36721452121322 11 8508410
36721452122123 11 7085474
36721452122213 11 8503655
36721452122321 11 7938889
36721452131111 11 7858190
36721452223232 11 7605102
36721453113113 11 8260287
36721453121111 11 10038949
36725411121212 11 12515517
36725411212121 11 12590717
36725411131313 11 12553865
36725411313131 11 12641472
36725412111212 11 13554325
36725412121112 11 12525832
36725412121211 11 12898709
36725412121232 11 12591130
36714523132223 11 8613252
36725412123212 11 13335762
36725412321212 11 13117300
36725413111313 11 14447713
36725413131113 11 12986458
36725413131311 11 15172174
36741252122123 11 12673860
36741252122321 11 11833160
36741252122333 11 11434333
36741252123323 11 12241081
36745211211221 11 6921856
36741253233131 11 12062582
36745212121223 11 7223395
36745212122312 11 9026936
36745212122333 11 7671757
36745212123323 11 8621188
36745212131111 11 7249802
36745212223232 11 7615641
36745213121111 11 9349705
36745213131131 11 7111806
36745213133111 11 7802911
36745213232213 11 7446430
36751243222322 11 7792377
36752142122132 11 8312948
36752142123221 11 7785244
36752143132232 11 6919411
36752143133222 11 8424145
37246511112233 11 9540361
36754123232222 11 13490748
37256142321233 11 8969037
37415622333221 11 10093660
36752143211132 11 7868392
37452162323312 11 8330851
37426513132313 11 11563162
37561241311112 11 7688742
37612453122233 11 7790602
37612542221111 11 9151477
37516422333311 11 7908659
37614521323232 11 6828370
37614522111221 11 7740569
37614521111111 11 10499681
37614252221123 11 9937400
37614522313322 11 9173963
37614522323312 11 7685512
37614523232213 11 8664005
37615421113322 11 9652735
37615422211133 11 9596603
37615422223133 11 9723722
37615422313121 11 9045155
37615422313331 11 9711171
37615423121132 11 10262002
37624152311213 11 9951292
37624511232233 11 9008433
37624512121322 11 10402162
37624512231212 11 8041476
37624513131323 11 8571356
37624513231313 11 8358243
37641252222323 11 8856479
37642152213311 11 10399331
37645122312221 11 7551563
37642513122221 11 8931025
37651242211133 11 10769057
37651422312311 11 10138424
37652141113232 11 7308728
37652143231322 11 8258202
37654212311222 11 9513942
41236753232321 11 8062691
41237561313131 11 11325614
41263751312222 11 12235674
41325762313223 11 7647141
41325671212211 11 8234877
41325763131233 11 7316304
41352671212112 11 11385132
41357622313112 11 6567758
41352671222111 11 11808945
41367253111133 11 10784859
41352671212121 11 11748536
37614522113321 11 8801272
41532761233133 11 9620949
41532672313211 11 14532308
41563273113311 11 8638644
41576322212222 11 10628573
41625373121213 11 8079292
41635721212121 11 13762782
41657321222312 11 8620204
41625372313211 11 22998625
41673252212222 11 11217519
41625731222231 11 9375119
41673521111111 11 9175974
41723562313211 11 8751550
41725362221213 11 10192643
41725361321213 11 11905679
41725362313211 11 11047920
41725362313223 11 11066801
41725363121222 11 9495811
41725631111111 11 10935087
41725631211122 11 8488111
41725363121231 11 9087950
41725632322331 11 7417091
41725633111133 11 8031409
41725633121123 11 7737615
41725633211111 11 8854427
41726352313322 11 8425422
41726532312233 11 10443610
41735261323313 11 10465555
41735262312233 11 9832892
41735263123223 11 7902418
41725361232113 11 9879387
41735621233232 11 8184616
41735622313322 11 9591127
41736521233232 11 9830020
41736522332231 11 7631902
41752631222123 11 7223752
41752632311123 11 7915854
41752632312323 11 7274365
41756233121231 11 8898050
41762532221333 11 9932086
41762533123331 11 9124622
41765231233232 11 8099060
41752632313211 11 27325410
41756231321213 11 11404965
41765322221312 11 7380963
41765323122212 11 7782985
41765322313211 11 15941995
42137561123333 11 9993444
42137653122131 11 7562631
42136752131312 11 10573518
42137653132121 11 6378618
42157633231322 11 10060601
42165373223123 11 6327440
42163751121212 11 11635167
42315673112111 11 6791540
42167532131333 11 10854422
42351671212211 11 9833529
42367153111121 11 6965630
42367153211123 11 7649348
42351763231133 11 14385526
42516372233111 11 9530315
42561733323122 11 6731005
42573612323231 11 8365902
42573613322231 11 7754467
42615371313332 11 13997477
42615372213311 11 11159469
42615372221213 11 10187527
42615372313211 11 11398084
42651733311122 11 9308790
42673512232133 11 10221517
42651372213311 11 7396622
42751632321233 11 9924489
42613572313211 11 8739799
42751632323231 11 7927760
43126572133313 11 10682794
43176252123131 11 7533324
43176252311132 11 8013974
43216573132121 11 6668476
43167251232212 11 9013662
43216573132223 11 7475668
43216573212332 11 10532726
43216573212311 11 7332396
43512671313332 11 8436176
43527612312323 11 7119513
43561271111111 11 8047795
43572161111111 11 9612507
43571262122222 11 10242408
43576211123222 11 8935607
43576212112232 11 11222693
43615271333312 11 7604544
43615272113321 11 8451569
43572612312323 11 8416513
43617521223221 11 11066616
43651722323132 11 8100261
43621752213323 11 11119974
43675122222122 11 12647682
43675211221331 11 8487971
43721653231313 11 9760189
43751623123313 11 9858526
43765212222122 11 12370612
45176231131313 11 17507490
45176231133113 11 17452781
45176231331113 11 16945549
34617252132212 11 11032154
45176233131113 11 17977782
45213672221123 11 9460216
45176321131133 11 14888681
45273162222122 11 10969525
45167323322231 11 8133527
45312671222312 11 7128522
45276131131133 11 13006192
45312672223331 11 7956965
45312672233321 11 7445223
45312673222112 11 7089125
45312761113211 11 8180628
45312673231313 11 12621107
45312761133311 11 7811864
45312672313211 11 23429585
45312673132313 11 12788111
45312762311111 11 7842167
45321671212211 11 8568624
45321671221121 11 8559513
45321673113311 11 14205932
45312762221111 11 9574784
45362712122222 11 10846807
45327612222323 11 9140806
45367122223133 11 9290813
45367211211122 11 8740668
45367211111132 11 8255007
45367213111133 11 8874696
45376121131133 11 13749797
45376211333123 11 8137174
45376213131323 11 12923208
45612371133221 11 8565086
45612372331121 11 7230951
45612373112231 11 7420884
45376121331311 11 10056007
45612373132121 11 7081713
45612373132223 11 7808713
45612373322111 11 6850833
45612373332221 11 7361796
45376213333322 11 7542795
45612373332122 11 7302161
45613272233111 11 10507863
45613271331221 11 8336131
45621373211111 11 11466811
45621732212123 11 9572204
45621373123331 11 9183223
45623713322321 11 6450318
45637123132121 11 7415144
45637123332122 11 6497746
45621732233333 11 9173861
45671231132231 11 6601264
45673212212132 11 8526542
45673213211222 11 8709925
45713623223132 11 7025430
45671233112132 11 7096335
45721363321313 11 8159890
45732612233321 11 7101864
46123571111111 11 8652167
45736121122211 11 11540980
46123573232123 11 10573711
45721363322231 11 7877291
46127351131313 11 10652890
46127352131333 11 11975073
46125731333123 11 8477335
46135272133313 11 10058031
46157233333232 11 7431234
46153273131131 11 12177506
46157321331233 11 8865873
46215372121223 11 7860538
46257132211133 11 9675119
46215372313211 11 13643786
46273512122312 11 7879089
46257313312211 11 15125705
46275311123222 11 9185730
46273513221212 11 7494180
46275312112232 11 11541175
46275312132212 11 10181115
46275312232133 11 8968753
46275312313211 11 10973082
46275313121222 11 9440256
46321752111131 11 8332377
46275313312211 11 10908268
46352171211233 11 6802471
46127353131323 11 12876968
46352172113231 11 6304168
46375211211332 11 6833973
46372511221331 11 9191725
46375212113111 11 7504779
46375212132221 11 7518632
46375212332222 11 7351538
46375212132131 11 6814396
46375213112111 11 9309401
46375213123121 11 8491312
46512371331221 11 8939325
46375213333121 11 6914114
46513272332111 11 7202572
46512372113321 11 9741810
46523711331332 11 8552959
46527133111121 11 6972605
46572312132122 11 7458210
46572311223122 11 9143515
46721533123313 11 9505537
47123562232133 11 10404902
47123651233232 11 7699240
47126351233232 11 10478522
46513273113221 11 7173030
47132563222331 11 11239807
47126532133133 11 8792018
47132562311111 11 8419637
47132652233321 11 8391683
47135622132332 11 7867372
47152361233232 11 6942242
47136252133112 11 11105420
47152631322131 11 8924504
47156231332313 11 8963992
47156233223312 11 7394183
47156233233113 11 8735553
47156233322312 11 7098536
47156233211132 11 8572283
47156321133311 11 9135383
47156322132311 11 7747180
47156322313232 11 7156117
47156322332132 11 6676842
47156322332312 11 6979307
47156323223123 11 7694997
47162351322122 11 7822277
47163522131222 11 7489946
47165321232113 11 10154720
47165321322131 11 14767950
47165322132212 11 10173065
47165322232133 11 8742637
47165322133112 11 11605832
47165322313211 11 11447138
47216352131333 11 12201766
47251363131113 11 11836468
47156321111111 11 9045362
47256133212311 11 7727627
47256133321232 11 7632051
47265312122222 11 8208357
47265312131312 11 8556719
47321651311133 11 8578384
47352612123131 11 7373778
47352612311132 11 7595511
47265312313211 11 22969636
47512632312323 11 7288745
47621532232331 11 6683207
47352612313211 11 14364835
47621533231121 11 6978407
47632152233321 11 7094553
47632153232321 11 8026008
47632513212332 11 11225285
47632153212311 11 8721890
47652132231323 11 8706789
47653213211231 11 10886426
47653213232111 11 6373639
51264732213311 11 6959350
51264731113322 11 7378752
51324671211122 11 8006937
51267342312233 11 12271649
51324672212111 11 10343705
51324673113311 11 12188959
51324761111123 11 9000000
51324763113332 11 8666078
51342672212111 11 9873577
51367241211113 11 7081213
51423671221331 11 7483417
51342763312223 11 17505699
51426731111111 11 8820745
51426733312211 11 7992943
51472361131313 11 10626909
51623471321111 11 6410047
51472633331312 11 10079109
51623743313321 11 9410705
47251632131312 11 10108400
51624731312123 11 9127128
51632741323232 11 7116829
51642731113322 11 10441312
51647231113232 11 6847297
51624733323113 11 9944384
51723643131311 11 10036549
51642371122313 11 9567901
51724362122222 11 8697801
51724363121213 11 8541076
51732643121213 11 10581915
51726433123313 11 10122044
51742632323231 11 8371551
51742632323333 11 9090575
52134761232113 11 8040822
52147631121311 11 8138814
52147631211131 11 7312039
52147631311121 11 7466491
52147631131211 11 8496836
52147633111112 11 10413473
52163471112122 11 8454766
52147632111113 11 8079097
52163471213111 11 7261958
52163471312111 11 7164499
52163471333123 11 6622267
52163472131222 11 7108195
52163473111211 11 7668854
52163472111311 11 7235270
52163473221323 11 7104066
52163473111331 11 7575722
52163473323332 11 12186270
52167432121313 11 9023830
52167432122222 11 11023749
52167342121232 11 10030052
52167432131213 11 9599443
52167433133333 11 10656824
52167433331333 11 9142451
52174633223123 11 9479344
52314761322122 11 8538650
52314673311311 11 15031196
52341671122211 11 8751570
52341671311313 11 7104138
52341672211112 11 8836214
52341672232313 11 8209980
52341671111111 11 23960329
52341672323222 11 8941617
52341672323312 11 11751339
52341673133111 11 7538767
52341673232213 11 8046176
52341673232333 11 7173763
52341673323212 11 11542569
52361472121313 11 10929324
52361472131312 11 9036927
52367142211121 11 9237561
52367412322232 11 7756723
52374161112323 11 8023729
52463173212332 11 10367217
52463713212332 11 10407882
52471631223113 11 7802666
52471631323112 11 8003815
52641733212311 11 7581623
52641733232321 11 7717848
52614372313211 11 12965930
52673413232123 11 7204467
52713461232323 11 7110624
52714633223123 11 7715116
52714361232113 11 11746565
52714633213223 11 7707287
52731641233112 11 6791051
52731641323112 11 6546510
52736141322233 11 7708444
52741362313211 11 8909472
52741362313223 11 10133861
52741632122333 11 11386843
52741632123323 11 14062136
52741632212213 11 11912312
52376413222223 11 8664128
52741632212231 11 12380694
52741632232211 11 11544129
52741633221233 11 11358875
52741633313312 11 11204111
52741633321223 11 13359186
52741633323311 11 11674343
52743611111213 11 7763293
52741633313321 11 12082479
52743611112131 11 7757771
52743611111312 11 9589776
52743611113121 11 9754720
52743612131111 11 7395755
52761431111213 11 7704915
52761431111312 11 7757459
52761431112131 11 8072219
52761431113121 11 8180826
52761432131111 11 7858482
52761433121111 11 7546990
52743613121111 11 8956150
52763143222331 11 11907842
52763411333123 11 10723903
52763411222312 11 15760207
52763413222112 11 16299291
52763413223312 11 16255404
53126471231231 11 9621457
52763413322312 11 15776706
53126471231321 11 7693328
53126471321321 11 8230091
53146272123233 11 10881906
53274163211222 11 9849916
53147262123131 11 7578533
53162743312223 11 17740466
53421671321231 11 6750081
53421671321111 11 10129706
53426171112233 11 7805695
53467211321111 11 6442499
53462711113322 11 10171397
53476121323112 11 8404983
53614721212121 11 10725760
53621471331221 11 7041052
53642171111111 11 8700858
53672142221213 11 14511065
53714622233111 11 11939846
53721463223312 11 8880781
53724612121112 11 10557319
53476121323322 11 8658104
53741621332112 11 8044530
53741621323112 11 7801581
53726143333121 11 7592209
53742612323333 11 9236939
53761242121211 11 10466509
53761242221213 11 11080232
53761242321212 11 10388583
53762143222331 11 8852500
53762413322123 11 9710883
54123673233323 11 8472295
54126371331221 11 7159698
54127632131213 11 10307841
54127633131212 11 10299637
54127633133333 11 10795258
54127633333313 11 10033490
54127632222212 11 9780346
54163271133221 11 7938886
54163272233111 11 10345879
54167231121113 11 7204798
54167231333213 11 7216626
54167231131112 11 7310635
54167232112112 11 7748873
54167232133313 11 8219907
54167232333113 11 7174117
54167233232333 11 9257063
54167233331213 11 8170732
54172633132313 11 10084756
54231671123111 11 7731848
54217362233213 11 16631275
54217632132212 11 14874967
54231673123121 11 6768994
54261373123121 11 7338517
54312671131331 11 7600105
54261732231233 11 9073172
54312672212111 11 8316880
54276132233312 11 8835365
54317261113112 11 6799693
54312673311311 11 14137550
54317621111222 11 8912996
54167231221211 11 7795939
54321672212213 11 12043985
54321672212231 11 11272710
54321672232211 11 11784533
54321673313312 11 17070333
54321761211221 11 7376394
54321673313321 11 17556178
54321673323311 11 17484987
54321763113113 11 9974126
54326171111231 11 10033875
54326171112233 11 7116785
54326171321231 11 7233391
54327612223232 11 8068141
54362171113133 11 8565963
54361272223232 11 8225129
54362711111231 11 6854036
54362711323112 11 8366154
54367121112212 11 10177228
54367121113331 11 11600500
54367121113211 11 8390324
54367122211121 11 9305686
54367122311111 11 8403134
54367123311113 11 8373866
54367211132222 11 11346750
54367211213333 11 14172209
54367211222132 11 11566751
54367211333213 11 12318027
54367212211322 11 14090418
54367212231122 11 12001895
54367212233213 11 11539228
54326711112212 11 9225463
54367212332213 11 11854023
54367212333113 11 12426414
54367213112222 11 13371020
54367213312133 11 13100032
54371261113331 11 8764373
54371621113112 11 10275478
54371621113322 11 7046952
54376121322233 11 8224915
54376211111132 11 8451730
54376211113133 11 8819153
54376211111222 11 7796434
54612371112311 11 12499831
54612372222131 11 9211886
54612732112223 11 8709330
54612733322213 11 8824106
54621371133311 11 8136393
45623712332123 11 6733579
54621372211121 11 8901398
54671232221213 11 9357847
54712362223322 11 9320714
54716232222113 11 9217419
54637211132111 11 6876775
54716322313223 11 7373495
54721631122121 11 8343686
54721631311133 11 7919000
54721632133232 11 7716828
54712361323313 11 8875753
54721631111111 11 28497577
54721632212231 11 7179114
54721632212222 11 8238863
54721633313321 11 8238719
54721633333331 11 7237234
54723612221222 11 9115397
54721633231322 11 7663318
54723612222212 11 9334947
54723612131312 11 11141090
54723613121312 11 10247159
54761233322321 11 7958453
54763212322232 11 7574895
56123471223221 11 10482986
56123471333123 11 11525591
56123471222312 11 11046120
54716321112323 11 8938166
56123471331332 11 13421589
56123472322121 11 11085920
54723613333313 11 10348772
56123472331331 11 10401676
56123473133132 11 12248557
56123473133231 11 10309902
56123473322312 11 11022568
56124371111231 11 6686527
56123473222112 11 10658001
56127433332323 11 8198864
56132473211111 11 8087198
56132472333332 11 8333861
56132473213211 11 8086921
56124371232323 11 9192015
56147231222132 11 17888972
56147231333213 11 11108427
56147232233213 11 11580132
56147232332213 11 11971165
56147232333113 11 11590380
56173421113112 11 6782281
56147322333233 11 10377618
56123473223312 11 10630197
56213743313333 11 10895602
56243173133111 11 9929180
56243713121333 11 10163812
56247132333233 11 8370662
56174321232113 11 11253119
56271433111313 11 11158429
56271433123313 11 10873688
56271433132313 11 11437586
56274132331133 11 8873341
56274312313211 11 13017615
56321473233323 11 7420135
56321742211112 11 11062467
56324171221331 11 7257241
56327411211332 11 7318550
56327413213112 11 7231579
56341273121213 11 10605111
56341273131212 11 9508417
56347122333233 11 9517534
56143273332323 11 10122470
56347211222132 11 7665378
56347211312111 11 7104815
56347211331131 11 6905994
56347212111221 11 12487432
56347212111311 11 9432506
56347212123233 11 8667425
56347212232223 11 8333103
56347213111211 11 9036096
56347211213111 11 7502002
56347213131332 11 7924778
56423171231231 11 6659471
56423171231321 11 8134438
56423171321321 11 7331355
56423172112121 11 8362600
56423173132121 11 7554770
56432713122122 11 8673390
56423173133111 11 8283575
56712341232113 11 7592649
56712343211123 11 8332662
56721343123331 11 8948073
56721432312233 11 10431855
56723411113313 11 7713024
56723411121113 11 7839667
56723411131112 11 7195219
56723411222312 11 7041481
56723412122312 11 6907536
56723413221212 11 7285369
56723412323222 11 7559968
56723413331111 11 7298069
56723413222112 11 7167356
56741231121311 11 7592584
56732143122113 11 10050779
56741231131211 11 9848349
56741231211131 11 9564023
56741231311121 11 7320513
56741232111113 11 8379045
56741233111112 11 8280425
56743212122222 11 9144380
56743212221222 11 10842471
56743213121213 11 11308024
56743213121312 11 9827295
57123461111111 11 8837932
57164322131312 11 8227506
56743213331333 11 10681790
57214361323232 11 6830994
57236141113232 11 7453225
57214632212213 11 14778203
57236141322233 11 7240073
57236141323232 11 10583953
57241631323112 11 6374271
57241631322113 11 6577152
57246131112233 11 8243762
57264132111323 11 9184707
56174232323333 11 9160341
56213471111111 11 9309148
57321641311112 11 7639239
57321642311132 11 7670985
57364212213311 11 10361101
57364212313211 11 8759043
61234572231323 11 8426244
61234573232213 11 7595287
61235741313131 11 13294700
61257343232123 11 7562437
61274351313131 11 10091601
61274532231323 11 8300629
61352472233321 11 7088740
57364213332122 11 6856041
61452731311313 11 10360278
61352472313211 11 14046318
57642311113322 11 7657013
61453721311112 11 7322877
61453721111111 11 9097486
61453723111121 11 7231331
61472532123332 11 8098285
61527431111111 11 9506783
61534272311132 11 9447990
61534721113211 11 7692787
61543271111111 11 9977429
61534721112311 11 8157845
61543271112311 11 8433440
61734523222331 11 10484162
62134572321323 11 10025295
62135471122121 11 8250835
61472533112111 11 6853021
62135473122131 11 6872467
62135472132131 11 7109507
62135473123121 11 8972504
62135473131131 11 8242815
62135473232231 11 7587202
61572432312323 11 7706225
62135473322321 11 8090663
62135743222331 11 8367303
62135473132121 11 8060145
62147353123121 11 7723714
62147353132121 11 6533275
62135743312223 11 14016719
62157342132212 11 9790266
62174351122133 11 10603407
62174533311212 11 9586506
62317453112111 11 6715870
62173543232132 11 7605897
62317453312211 11 10814712
62374511322311 11 6567542
62351743112123 11 12414819
62371453311311 11 9309700
62374513112321 11 7734253
62435172211133 11 11290237
62435711222222 11 7593022
62435172311132 11 12125785
62453713311122 11 9580359
62471532232133 11 7923840
62531472321233 11 8430115
62543711211113 11 8260081
62543711311112 11 6975765
62571432321233 11 10335977
62475131322323 11 7643977
62735143223213 11 9259964
63125743131233 11 7437120
63125741112323 11 13999030
63125743133312 11 7878731
63142571111111 11 8618749
63172452312323 11 6939730
63142573112123 11 11632814
63142571132321 11 11969571
63172452313211 11 14290427
63174522332132 11 7561210
63251743133231 11 10690936
63247511123132 11 7104519
63452712333221 11 7763823
63471522123131 11 8751366
63471522323132 11 9589230
63471522332132 11 7829648
63452711311313 11 8232224
63472512123332 11 8615105
62154733321121 11 6900754
63541271212211 11 13135955
63574212123131 11 7520735
63542713121333 11 12206796
63574212313211 11 12186943
63512743313333 11 11127382
63712542221111 11 8096148
63714252123131 11 9439138
63714521112323 11 9157293
63714522332132 11 6916321
63721541233322 11 7878521
63724153121213 11 10907933
63725141112323 11 13469804
63725141233121 11 9114007
63725142223133 11 11142580
63725142123131 11 12323444
63725143122113 11 10237784
63741252222323 11 8551995
63725143123313 11 14395763
63742511232221 11 8726002
63741522123131 11 8825068
63745123122212 11 7468769
63751242221321 11 10416613
63751423122311 11 9196457
63752141123213 11 7374782
63752141111111 11 11208356
63752141122211 11 9424366
63752143123223 11 7132102
63752143212323 11 6991706
63752143223123 11 8198342
63752411223212 11 7164823
63752142332132 11 6805476
63752412322112 11 7499506
63752411333213 11 12077255
63752412312323 11 9348885
63754213122122 11 7833131
63752412333113 11 12047319
64125371131313 11 12311351
64231572311132 11 9011646
64257131113223 11 7984899
64157321133212 11 16342443
64271533221212 11 8491553
64275131212223 11 9577726
64275131312123 11 9249658
64275133231112 11 10477846
64275132211133 11 11440655
64275132232133 11 11073260
64275133312211 11 8813978
64275311112332 11 8452584
64275311222222 11 7325545
64275313312211 11 7812392
64321572132131 11 7804904
64321572311132 11 8758994
64351272132131 11 7824446
64325713121222 11 15579138
64357212313211 11 9001322
64321572111131 11 9397610
64357213231322 11 10877913
64357213312211 11 9936349
64531272132131 11 7148666
64531271212211 11 12708080
64531273122131 11 7006718
64531273123121 11 9176323
64531273311311 11 7692863
64531273312211 11 7150576
64572131122223 11 7787865
64713253112111 11 6691912
65123471233232 11 6547685
65123472312311 11 7853588
65123471112311 11 7556831
65132471222111 11 7895310
65132471231321 11 9089553
65132471212112 11 8167648
65132471323121 11 8749212
65132472131231 11 7111314
65132472212231 11 11783508
65132472233321 11 9327010
65132473111331 11 9090007
65132473323311 11 7556406
65132473313312 11 7386020
65132743222331 11 9213806
65134721233232 11 8300467
65132741223323 11 7358927
65172431132333 11 8992660
65174232123131 11 7836843
65174232323312 11 8638158
65174232133313 11 7777782
65147321232113 11 10649262
65174233323212 11 8584822
65174233331213 11 8174115
65174322313211 11 8397248
65174323223123 11 8208911
65213741111111 11 9190043
65241371111111 11 8812550
65243712121322 11 11611709
65271341332331 11 8540415
65271432231233 11 8735784
65274131311313 11 7177584
65274131111111 11 10374444
65274131312213 11 8097164
65274132123332 11 7804121
65274133132223 11 7760100
65274133232321 11 6993633
65274133312223 11 7612842
65314272311132 11 7223413
65321472111122 11 9225969
65417323223123 11 6912853
65314272313211 11 12032779
65417323232123 11 7506158
65423713321322 11 8355711
65432173232321 11 8174793
65471231132213 11 9796277
65714323223123 11 8014379
65723143321313 11 7485438
65742311212313 11 7348954
65732411333123 11 15924573
67145323133312 11 8210343
67132541133311 11 13049586
67215343333133 11 10119453
67154233323332 11 12091920
67231541323112 11 9548391
67231543323122 11 9583283
67234513332122 11 7481687
67245131313323 11 7805273
67245311112311 11 11541070
67245311133233 11 9318611
67254311131133 11 12543014
67254313311113 11 7770459
67312452233321 11 7975786
67312541121221 11 7756514
67312542221111 11 9902004
67321451111123 11 7495540
67321451112311 11 8054233
67321451212211 11 13060945
67321451311133 11 8387153
67321452111122 11 7802389
67321453113311 11 8746184
67321542232133 11 8270295
67341252222323 11 8795554
67342512222113 11 8851064
67345122223133 11 11568491
67345211111123 11 7481607
67345122232133 11 11162597
67345211111132 11 8071331
62374513312112 11 6277388
67345211112233 11 7773857
67345211211122 11 8369584
67345212111122 11 7564380
67345211113322 11 7535407
67345213111133 11 8905805
67354121111111 11 8661814
67345211311133 11 8247625
67354211313113 11 12419305
67354211333111 11 12368621
67354212111221 11 8604002
67354211212121 11 8505798
67354212212222 11 8074014
67354212311132 11 8168790
67354213111313 11 9943407
67354213211132 11 8058811
67354213313333 11 8116988
67412353132121 11 9354906
67412353332221 11 7288592
67354213131311 11 9486730
67435121332112 11 6752220
67435123123121 11 6785030
67452313321232 11 9584700
67412531131133 11 8920861
71263541333222 11 11409488
71263542323123 11 11522279
71234563231322 11 9010323
71264533131323 11 11549345
71264533221323 11 11389904
71264533231223 11 13336128
71326451211311 11 7485848
71264533231313 11 12162789
71326453132121 11 7314904
71326543333313 11 10816478
71345262132131 11 8443711
71365423331312 11 10238934
71423563213232 11 8411788
71362453113311 11 8897102
71423653213232 11 7900850
71426353312211 11 8423418
71426533333223 11 9514655
71432561232323 11 8513581
65417321232113 11 7517800
71432562111221 11 7936103
71432563232213 11 8454097
71432563323113 11 7149493
71432563332113 11 7209483
71435261322233 11 9851034
71435262222122 11 8932316
71435263211123 11 10470200
71435263311122 11 9774550
71435263333133 11 9955583
71435263333223 11 10047702
71435623333331 11 9821031
71436253333112 11 10781174
71432563323122 11 7671500
71452363213232 11 7706693
71452632222131 11 10295120
71453262222221 11 8253248
71456321322323 11 7814636
71453623311122 11 11232965
71456322111221 11 8183898
71462532111212 11 8458922
71462531113322 11 9805923
71462532121112 11 8731923
71462533111223 11 10492689
71463523331222 11 8764870
71462533221113 11 8591420
71523463131311 11 11139876
71523463231313 11 11529675
71523463331312 11 10981889
71532463221332 11 8482372
71534262122222 11 10776196
71542633132322 11 8293572
71543622111131 11 7022151
71543623111121 11 7810990
71546233331213 11 10697547
71562433123232 11 8002937
71546322231212 11 11085801
71563243221221 11 8958702
71643252231212 11 10908454
71625433213133 11 14337258
71643523331213 11 11218601
72134562312212 11 10142860
71432561323232 11 6638056
72136541322233 11 7537414
72143563222331 11 7604769
72143651121113 11 7663535
72143651131112 11 8158777
72143652111311 11 7433193
72143653111211 11 7397376
72145631233223 11 7260447
72145633232231 11 7286609
72143651213111 11 7418614
72146352232223 11 8721586
72145633312223 11 11800472
72163453121213 11 9100571
72163453131212 11 10282354
72163453133333 11 8798499
72163452122222 11 10815908
72165431113331 11 7541909
72165432111113 11 7838224
72163453331333 11 10834116
72165432111122 11 10428045
72164353131113 11 10560007
72165432211112 11 8573812
72165432323312 11 7576826
72165433111112 11 7368821
72165433221233 11 7749087
72165433121333 11 8144199
72165433321223 11 7202432
72165433331213 11 7949787
72165433233323 11 8379998
72345611133113 11 7050408
72345611221223 11 6405950
72345611222222 11 6958436
72345611331332 11 7501316
72345612331331 11 6348703
72345612122111 11 8029527
72345613221221 11 6765499
72345613333331 11 8560418
72356141112323 11 8241552
72356143211123 11 7279396
72345611111111 11 10279983
72356141232113 11 7600401
72361453232333 11 7306340
72365412222212 11 7981414
72361542333233 11 13050733
72365413121312 11 11358440
72365413131212 11 8298866
72365413331333 11 8459453
72513641232323 11 7575436
72435163333313 11 11992967
72513641233322 11 8831594
72516342313223 11 8221765
72534163211123 11 9443422
72531463321232 11 9056987
72541631111213 11 7758807
72541631112131 11 8077070
72541631111312 11 8625909
72541632131111 11 7410938
72541633121111 11 9189561
72543162311111 11 7065751
72543163211111 11 7845919
72543611221223 11 10317979
72541631113121 11 8391328
72543611223221 11 10808650
72543611331332 11 12207045
72543611332331 11 10959947
72543612331331 11 10372422
72543613132232 11 13223625
72543613133222 11 10676871
72543613221221 11 11160018
72543613223312 11 12317343
72546311323112 11 7304172
72543613322312 11 12737111
72546313323212 11 8170640
72561342313223 11 10983826
72561432213122 11 12969960
72561433221233 11 11486782
72561433321133 11 12332620
72563411111213 11 7640190
72561433311233 11 14797323
72561433321223 11 12162766
72563411111312 11 7502363
72563411112131 11 10312086
72563411113121 11 8192392
72563412131111 11 7432010
72643513212311 11 7699015
72563413121111 11 7330478
72643513212332 11 7140698
73146522113231 11 6949235
73246153312211 11 7431032
73456123231322 11 8472692
73516243323113 11 7345975
73516243332131 11 7834444
73541262321212 11 9804134
73542163321133 11 9834597
73542613132121 11 7176721
73542613132322 11 7335498
73125463133132 11 8533737
73564213321322 11 9474011
73614251112323 11 9781983
73615241112323 11 12962776
73615241113322 11 10575299
73615242223133 11 10292577
73615243123313 11 9730013
73615243213313 11 10058892
73615243331312 11 9795154
73615243332311 11 10150916
73615421113322 11 7618266
73615423213211 11 10125723
73615423333331 11 8024263
73624513121132 11 12970262
73625141112323 11 9569287
73624513332131 11 11628953
73625143333313 11 8471303
73625143121213 11 8116188
73625412222323 11 8325641
73642511113322 11 9399109
73642511111111 11 11011535
73642511113232 11 9439723
73642513223222 11 10264912
73645121113211 11 9266554
73645122222311 11 8853374
73645211223113 11 6747539
73645211231111 11 8635685
73645211321111 11 6752208
73645211332112 11 7018298
73645213333112 11 7734761
73651241113322 11 8147911
73652413211312 11 8709419
73652413331321 11 9785515
73654122111122 11 10861168
73654122221111 11 7556779
73654211111132 11 8896757
74123563323221 11 6983630
74123652322121 11 10809780
74123653132232 11 13838228
74123653133132 11 11253717
74123653133222 11 11144829
74123653133231 11 10263674
74125631313311 11 7402335
74125632121121 11 7733824
74125632122111 11 7163968
74125632321332 11 7180822
74125632131111 11 7395656
74125633121111 11 9042942
74125633131233 11 7041019
74125633133222 11 6764845
74125633133312 11 9012057
74125633332323 11 8467920
74125633132232 11 6398493
74126352333122 11 9985056
74132561321231 11 9396520
74132562121121 11 8726368
74132563131221 11 10055040
74132562122111 11 8169312
74132563132112 11 8203457
74136522322121 11 10111241
74152363133132 11 10010460
74152363133222 11 11311230
74152363133231 11 9989764
74156322122123 11 7627550
73645213112231 11 7292525
74156322122321 11 7815519
74156322313223 11 7831460
74156323133123 11 7624638
74152363132232 11 9943185
74163251121122 11 8494101
74163252112211 11 7871461
74163252131111 11 8481243
74163253121111 11 8417955
74163253131332 11 7073355
74163253133132 11 6958828
74163253133213 11 7544833
74156323132331 11 7387175
74163253332323 11 7715852
74163253133231 11 7179232
74165231121212 11 13252303
74165231131313 11 12461963
74165231212121 11 12619981
74165231313131 11 13016458
74165232111212 11 13164200
74165232121112 11 12524171
74165232121211 11 12681155
74165233111313 11 13700402
74165233131311 11 13336629
74165233131323 11 12633672
74165233132313 11 13597425
74165233131113 11 12569016
74213652323132 11 7306412
74165233231313 11 13611897
74251633111313 11 9979513
74256311321222 11 13879856
74312652333332 11 8378036
74265312333233 11 8400088
74321563311131 11 8993747
74325163131323 11 9745349
74256313111232 11 16139342
74325612221222 11 7955240
74325613121312 11 10139142
74325613131212 11 7965177
74325613133333 11 8544708
72143651312111 11 7299755
74361253211231 11 7020312
74361253112132 11 9613804
74365211121221 11 7684916
74365211213111 11 7249813
74365211312111 11 7154148
74365211313113 11 7917820
74365212222323 11 7514974
74365211333111 11 7885137
74365212333332 11 7142919
74365213111211 11 7647425
74365213121333 11 7457237
74512361322233 11 9718173
74512362313223 11 7263929
74521632222212 11 9740131
74513263121222 11 14761339
74365212111311 11 7300184
74521633121213 11 10937524
74521633121312 11 10061810
74521633133333 11 11118327
74521633333313 11 9941023
74523611121113 11 7651439
74523611213111 11 7816775
74523611131112 11 7923881
74523611312111 11 7425903
74523612111311 11 7723859
74523613111211 11 7403357
74532163123223 11 8827289
74561231111222 11 7798687
74561232111113 11 7915437
74561232221111 11 8774573
74561233131233 11 7687264
74561233233323 11 9052392
74561233311233 11 7702983
74561233321133 11 7593627
74321653233323 11 9162971
74563211232332 11 7585025
74653213133222 11 8894141
75132463233233 11 8862294
74561233321313 11 9255167
75146321323331 11 9775961
75213642223133 11 8475293
75234161322233 11 7606581
75231463211123 11 12307032
75143263231313 11 10750418
75234162221111 11 10059696
75236143213232 11 7077748
75241632222323 11 8706401
75243613213232 11 6832864
75243611113232 11 7849258
75243162211322 11 14813217
75246131333312 11 9593724
75246313212311 11 8106098
75246311111111 11 18257336
75246313332332 11 7866498
75261432123233 11 8982452
75264132121232 11 9336904
75264132321212 11 9815576
75264132223331 11 7300940
75264133121333 11 7892183
75264133331213 11 8000559
75246313312211 11 7866910
75264311223122 11 8502658
75312463333133 11 10043033
75314621133221 11 6381794
75264313231112 11 9771202
75314623113122 11 7176527
75314621313212 11 13915827
75316241231231 11 10014367
75321461311112 11 7811033
75321463132121 11 7065270
75346122133133 11 8952037
75346211133122 11 7480881
75346211211311 11 9501278
75346211311211 11 7060147
75346212323333 11 9021907
75346213112132 11 6754328
75346213132121 11 7055035
75346213132322 11 7126522
75346213332122 11 7553912
75412631223332 11 6521128
75431263133213 11 9973759
75462132123212 11 13148129
75613243133213 11 8201398
75416323232213 11 8736258
75613243131332 11 10085907
75634123323122 11 7843215
75641323232111 11 7438528
76123453233323 11 7698371
76125343333133 11 10175225
76143252131312 11 8472886
76143252221222 11 8616756
75642132213311 11 7200992
76143253131212 11 8723783
76143253331333 11 8078012
76145231121113 11 7189422
76143253333313 11 11333985
76145231131112 11 7771368
76145231122112 11 12450648
76145231311331 11 6999080
76145231221112 11 12427447
76145232123332 11 7515103
76145232233213 11 9289569
76145232331313 11 7225430
76145232332213 11 9608496
76145233133213 11 7676450
76145233232333 11 7295809
76154323333112 11 8884788
76213543213133 11 9181726
76215341231231 11 8257642
76215433333133 11 9793745
76213543311332 11 8612036
76231451123111 11 7860165
76245311131121 11 6867402
76245312132131 11 7411171
76245311213312 11 7263277
76245313122122 11 7216778
76245313123121 11 7262730
76253141123132 11 6730727
76253141211332 11 6598476
76253413322312 11 9036576
76245311121131 11 7629531
76254133311323 11 14509677
76254313211111 11 12902163
76312452212111 11 13425793
76312453211111 11 7853291
76312542321212 11 8435253
76312453311311 11 8638109
76312542322121 11 7894541
76312543322222 11 10469823
76315241113112 11 7079098
76315241223113 11 6893185
76315241322122 11 7300757
76315241112113 11 8266952
76315241332112 11 7042143
76315243211231 11 6697244
76315241323313 11 7693838
76315243323323 11 8059590
76321452122123 11 11453314
76321452122333 11 11458564
76321452123323 11 13289886
76321452212231 11 11088882
76321452213122 11 11657303
76321453233131 11 12176369
76321453311233 11 13922253
76321453313312 11 13074863
76321453321133 11 11614944
76321453323311 11 13332283
76321543211111 11 7476199
76321542211112 11 11126688
74561233111112 11 8555335
76321543311131 11 8261605
76324151112233 11 7670396
76324153323122 11 7576580
76324151112323 11 9287960
76325411111213 11 7943373
76325411111312 11 9802564
76325411112131 11 7258321
76325411113121 11 7960617
76325411331311 11 8464770
76325412112121 11 9870271
76325412231212 11 8488876
76325412333233 11 8437656
76325411122121 11 7860149
76325413222223 11 7807320
76341251111213 11 7751632
76341251111312 11 9663365
76341251113121 11 7823375
76341251112131 11 8536533
76341251311313 11 7857316
76341252232313 11 7674289
76341252323333 11 8414351
76341253221212 11 8654103
76341253233131 11 6964463
76342511111231 11 6555659
76342511111321 11 8438667
76342512232223 11 8317046
76342513213112 11 10088701
76342511323112 11 6929675
76342513322111 11 10503011
76342513323122 11 7332477
76342513323212 11 7908776
76345122211112 11 10802977
76345122211121 11 8659270
76345122213311 11 7227132
76345122311111 11 8731311
76345123211111 11 7368933
76345123311113 11 8516306
76345123311131 11 8132504
76341251221121 11 8194397
76345123312211 11 6927523
76351421112323 11 10014263
76351421113322 11 7438123
76351423321232 11 7864388
76354121121212 11 9204751
76354121122121 11 7722379
76354121313131 11 8680360
76354122111212 11 10092248
76354122112121 11 8392873
76354121311313 11 7873514
76354123211123 11 8583820
76354122212222 11 8008420
76354123211132 11 7453240
76354123313333 11 8755124
76354212213323 11 7967505
76354212312233 11 8193453
76354212313322 11 8725344
76354212333332 11 8018668
76354213312223 11 7382036
76421351131121 11 6371471
76354213222223 11 7865337
76512343213313 11 12743766
76514321112323 11 8548914
76514321232113 11 7873067
76521433232333 11 7613570
76512343332311 11 12714413
76523413223231 11 7997133
76524313331222 11 9882561
76541233121213 11 8291846
76541232221222 11 8041469
76541233331333 11 8926813
76541233333313 11 10091237
76543211223221 11 7143967
76543211212112 11 8812779
76543211111111 11 17192875
76543211332331 11 7133972
76543211333333 11 7894897
76541232131213 11 13073095
76543212222221 11 7554556
76543212132323 11 7875063
76543212323213 11 7767689
76543213113131 11 7815820
76321452122321 11 11679433
